  5.000000e+00
  9.7656250000e-09   9.7656250000e-09   2.980877e+30   4.230003e+28
  9.7656250000e-09   2.3730468750e-06   6.737887e+30   6.359611e+28
  9.7656250000e-09   3.0517578125e-05   9.502671e+30   7.552514e+28
  9.7656250000e-09   1.6413085937e-04   1.150813e+31   8.311340e+28
  9.7656250000e-09   5.7665039063e-04   1.358862e+31   9.031427e+28
  9.7656250000e-09   1.5727636719e-03   1.447700e+31   9.321976e+28
  9.7656250000e-09   3.6259082031e-03   1.466188e+31   9.381311e+28
  9.7656250000e-09   7.4157714844e-03   1.388935e+31   9.130817e+28
  9.7656250000e-09   1.3865791016e-02   1.279508e+31   8.763755e+28
  9.7656250000e-09   2.4180654297e-02   1.039345e+31   7.898572e+28
  9.7656250000e-09   3.9883798828e-02   7.570443e+30   6.741078e+28
  9.7656250000e-09   6.2854912109e-02   4.372273e+30   5.122976e+28
  9.7656250000e-09   9.5367431641e-02   2.178934e+30   3.616518e+28
  9.7656250000e-09   1.4012604492e-01   7.779333e+29   2.160926e+28
  9.7656250000e-09   2.0030418945e-01   2.190939e+29   1.146790e+28
  9.7656250000e-09   2.7958155273e-01   2.881234e+28   4.158704e+27
  9.7656250000e-09   3.8218157227e-01   6.002572e+26   6.002572e+26
  9.7656250000e-09   5.1290893555e-01   0.000000e+00   0.000000e+00
  9.7656250000e-09   6.7718708008e-01   0.000000e+00   0.000000e+00
  9.7656250000e-09   8.8109569336e-01   0.000000e+00   0.000000e+00
  2.3730468750e-06   9.7656250000e-09   6.844732e+30   6.409836e+28
  2.3730468750e-06   2.3730468750e-06   1.486057e+31   9.444661e+28
  2.3730468750e-06   3.0517578125e-05   2.095378e+31   1.121501e+29
  2.3730468750e-06   1.6413085937e-04   2.532785e+31   1.233014e+29
  2.3730468750e-06   5.7665039063e-04   3.009029e+31   1.343946e+29
  2.3730468750e-06   1.5727636719e-03   3.251773e+31   1.397104e+29
  2.3730468750e-06   3.6259082031e-03   3.244450e+31   1.395530e+29
  2.3730468750e-06   7.4157714844e-03   3.079499e+31   1.359592e+29
  2.3730468750e-06   1.3865791016e-02   2.859865e+31   1.310212e+29
  2.3730468750e-06   2.4180654297e-02   2.323716e+31   1.181028e+29
  2.3730468750e-06   3.9883798828e-02   1.672497e+31   1.001962e+29
  2.3730468750e-06   6.2854912109e-02   9.656937e+30   7.613571e+28
  2.3730468750e-06   9.5367431641e-02   4.831470e+30   5.385280e+28
  2.3730468750e-06   1.4012604492e-01   1.684922e+30   3.180230e+28
  2.3730468750e-06   2.0030418945e-01   4.585965e+29   1.659144e+28
  2.3730468750e-06   2.7958155273e-01   5.762469e+28   5.881295e+27
  2.3730468750e-06   3.8218157227e-01   5.402314e+27   1.800771e+27
  2.3730468750e-06   5.1290893555e-01   0.000000e+00   0.000000e+00
  2.3730468750e-06   6.7718708008e-01   0.000000e+00   0.000000e+00
  2.3730468750e-06   8.8109569336e-01   0.000000e+00   0.000000e+00
  3.0517578125e-05   9.7656250000e-09   9.302185e+30   7.472418e+28
  3.0517578125e-05   2.3730468750e-06   2.058822e+31   1.111676e+29
  3.0517578125e-05   3.0517578125e-05   2.932436e+31   1.326731e+29
  3.0517578125e-05   1.6413085937e-04   3.497638e+31   1.448959e+29
  3.0517578125e-05   5.7665039063e-04   4.137393e+31   1.575912e+29
  3.0517578125e-05   1.5727636719e-03   4.488303e+31   1.641382e+29
  3.0517578125e-05   3.6259082031e-03   4.490044e+31   1.641701e+29
  3.0517578125e-05   7.4157714844e-03   4.256964e+31   1.598522e+29
  3.0517578125e-05   1.3865791016e-02   3.928563e+31   1.535626e+29
  3.0517578125e-05   2.4180654297e-02   3.218159e+31   1.389864e+29
  3.0517578125e-05   3.9883798828e-02   2.311110e+31   1.177820e+29
  3.0517578125e-05   6.2854912109e-02   1.363004e+31   9.045180e+28
  3.0517578125e-05   9.5367431641e-02   6.814720e+30   6.395768e+28
  3.0517578125e-05   1.4012604492e-01   2.318793e+30   3.730781e+28
  3.0517578125e-05   2.0030418945e-01   6.434757e+29   1.965327e+28
  3.0517578125e-05   2.7958155273e-01   8.223523e+28   7.025830e+27
  3.0517578125e-05   3.8218157227e-01   6.602829e+27   1.990828e+27
  3.0517578125e-05   5.1290893555e-01   0.000000e+00   0.000000e+00
  3.0517578125e-05   6.7718708008e-01   0.000000e+00   0.000000e+00
  3.0517578125e-05   8.8109569336e-01   0.000000e+00   0.000000e+00
  1.6413085937e-04   9.7656250000e-09   1.147392e+31   8.298976e+28
  1.6413085937e-04   2.3730468750e-06   2.513817e+31   1.228388e+29
  1.6413085937e-04   3.0517578125e-05   3.584075e+31   1.466754e+29
  1.6413085937e-04   1.6413085937e-04   4.327914e+31   1.611788e+29
  1.6413085937e-04   5.7665039063e-04   5.109029e+31   1.751208e+29
  1.6413085937e-04   1.5727636719e-03   5.483409e+31   1.814237e+29
  1.6413085937e-04   3.6259082031e-03   5.534611e+31   1.822688e+29
  1.6413085937e-04   7.4157714844e-03   5.251830e+31   1.775514e+29
  1.6413085937e-04   1.3865791016e-02   4.822346e+31   1.701366e+29
  1.6413085937e-04   2.4180654297e-02   3.957375e+31   1.541247e+29
  1.6413085937e-04   3.9883798828e-02   2.837896e+31   1.305169e+29
  1.6413085937e-04   6.2854912109e-02   1.686122e+31   1.006035e+29
  1.6413085937e-04   9.5367431641e-02   8.233728e+30   7.030188e+28
  1.6413085937e-04   1.4012604492e-01   2.925653e+30   4.190638e+28
  1.6413085937e-04   2.0030418945e-01   8.001428e+29   2.191555e+28
  1.6413085937e-04   2.7958155273e-01   1.008432e+29   7.780222e+27
  1.6413085937e-04   3.8218157227e-01   7.203086e+27   2.079352e+27
  1.6413085937e-04   5.1290893555e-01   0.000000e+00   0.000000e+00
  1.6413085937e-04   6.7718708008e-01   0.000000e+00   0.000000e+00
  1.6413085937e-04   8.8109569336e-01   0.000000e+00   0.000000e+00
  5.7665039063e-04   9.7656250000e-09   1.323567e+31   8.913364e+28
  5.7665039063e-04   2.3730468750e-06   2.897621e+31   1.318832e+29
  5.7665039063e-04   3.0517578125e-05   4.114943e+31   1.571631e+29
  5.7665039063e-04   1.6413085937e-04   4.951461e+31   1.723992e+29
  5.7665039063e-04   5.7665039063e-04   5.861331e+31   1.875715e+29
  5.7665039063e-04   1.5727636719e-03   6.313385e+31   1.946703e+29
  5.7665039063e-04   3.6259082031e-03   6.334394e+31   1.949940e+29
  5.7665039063e-04   7.4157714844e-03   6.024121e+31   1.901584e+29
  5.7665039063e-04   1.3865791016e-02   5.539833e+31   1.823547e+29
  5.7665039063e-04   2.4180654297e-02   4.514054e+31   1.646084e+29
  5.7665039063e-04   3.9883798828e-02   3.267620e+31   1.400504e+29
  5.7665039063e-04   6.2854912109e-02   1.915120e+31   1.072178e+29
  5.7665039063e-04   9.5367431641e-02   9.333999e+30   7.485185e+28
  5.7665039063e-04   1.4012604492e-01   3.326025e+30   4.468188e+28
  5.7665039063e-04   2.0030418945e-01   1.001829e+30   2.452254e+28
  5.7665039063e-04   2.7958155273e-01   1.092468e+29   8.097912e+27
  5.7665039063e-04   3.8218157227e-01   7.203086e+27   2.079352e+27
  5.7665039063e-04   5.1290893555e-01   0.000000e+00   0.000000e+00
  5.7665039063e-04   6.7718708008e-01   0.000000e+00   0.000000e+00
  5.7665039063e-04   8.8109569336e-01   0.000000e+00   0.000000e+00
  1.5727636719e-03   9.7656250000e-09   1.434675e+31   9.279945e+28
  1.5727636719e-03   2.3730468750e-06   3.178062e+31   1.381179e+29
  1.5727636719e-03   3.0517578125e-05   4.463752e+31   1.636887e+29
  1.5727636719e-03   1.6413085937e-04   5.384667e+31   1.797828e+29
  1.5727636719e-03   5.7665039063e-04   6.370709e+31   1.955521e+29
  1.5727636719e-03   1.5727636719e-03   6.831467e+31   2.025003e+29
  1.5727636719e-03   3.6259082031e-03   6.865441e+31   2.030032e+29
  1.5727636719e-03   7.4157714844e-03   6.533199e+31   1.980303e+29
  1.5727636719e-03   1.3865791016e-02   6.011996e+31   1.899669e+29
  1.5727636719e-03   2.4180654297e-02   4.912084e+31   1.717124e+29
  1.5727636719e-03   3.9883798828e-02   3.544819e+31   1.458699e+29
  1.5727636719e-03   6.2854912109e-02   2.102041e+31   1.123283e+29
  1.5727636719e-03   9.5367431641e-02   1.034423e+31   7.879847e+28
  1.5727636719e-03   1.4012604492e-01   3.652565e+30   4.682391e+28
  1.5727636719e-03   2.0030418945e-01   9.982277e+29   2.447843e+28
  1.5727636719e-03   2.7958155273e-01   1.410604e+29   9.201768e+27
  1.5727636719e-03   3.8218157227e-01   9.003857e+27   2.324786e+27
  1.5727636719e-03   5.1290893555e-01   0.000000e+00   0.000000e+00
  1.5727636719e-03   6.7718708008e-01   0.000000e+00   0.000000e+00
  1.5727636719e-03   8.8109569336e-01   0.000000e+00   0.000000e+00
  3.6259082031e-03   9.7656250000e-09   1.445179e+31   9.313856e+28
  3.6259082031e-03   2.3730468750e-06   3.154531e+31   1.376056e+29
  3.6259082031e-03   3.0517578125e-05   4.500068e+31   1.643532e+29
  3.6259082031e-03   1.6413085937e-04   5.407957e+31   1.801712e+29
  3.6259082031e-03   5.7665039063e-04   6.336255e+31   1.950226e+29
  3.6259082031e-03   1.5727636719e-03   6.871984e+31   2.030999e+29
  3.6259082031e-03   3.6259082031e-03   6.888551e+31   2.033446e+29
  3.6259082031e-03   7.4157714844e-03   6.548566e+31   1.982630e+29
  3.6259082031e-03   1.3865791016e-02   6.023100e+31   1.901423e+29
  3.6259082031e-03   2.4180654297e-02   4.956083e+31   1.724797e+29
  3.6259082031e-03   3.9883798828e-02   3.549621e+31   1.459687e+29
  3.6259082031e-03   6.2854912109e-02   2.077490e+31   1.116704e+29
  3.6259082031e-03   9.5367431641e-02   1.032142e+31   7.871155e+28
  3.6259082031e-03   1.4012604492e-01   3.585936e+30   4.639487e+28
  3.6259082031e-03   2.0030418945e-01   1.011433e+30   2.463981e+28
  3.6259082031e-03   2.7958155273e-01   1.212519e+29   8.531257e+27
  3.6259082031e-03   3.8218157227e-01   9.604115e+27   2.401029e+27
  3.6259082031e-03   5.1290893555e-01   0.000000e+00   0.000000e+00
  3.6259082031e-03   6.7718708008e-01   0.000000e+00   0.000000e+00
  3.6259082031e-03   8.8109569336e-01   0.000000e+00   0.000000e+00
  7.4157714844e-03   9.7656250000e-09   1.403701e+31   9.179225e+28
  7.4157714844e-03   2.3730468750e-06   3.091685e+31   1.362280e+29
  7.4157714844e-03   3.0517578125e-05   4.350064e+31   1.615907e+29
  7.4157714844e-03   1.6413085937e-04   5.268697e+31   1.778363e+29
  7.4157714844e-03   5.7665039063e-04   6.214763e+31   1.931439e+29
  7.4157714844e-03   1.5727636719e-03   6.706913e+31   2.006458e+29
  7.4157714844e-03   3.6259082031e-03   6.712136e+31   2.007239e+29
  7.4157714844e-03   7.4157714844e-03   6.382174e+31   1.957280e+29
  7.4157714844e-03   1.3865791016e-02   5.881200e+31   1.878891e+29
  7.4157714844e-03   2.4180654297e-02   4.822286e+31   1.701356e+29
  7.4157714844e-03   3.9883798828e-02   3.466965e+31   1.442592e+29
  7.4157714844e-03   6.2854912109e-02   2.061883e+31   1.112502e+29
  7.4157714844e-03   9.5367431641e-02   1.015395e+31   7.807036e+28
  7.4157714844e-03   1.4012604492e-01   3.591339e+30   4.642980e+28
  7.4157714844e-03   2.0030418945e-01   1.007832e+30   2.459590e+28
  7.4157714844e-03   2.7958155273e-01   1.098471e+29   8.120128e+27
  7.4157714844e-03   3.8218157227e-01   9.003857e+27   2.324786e+27
  7.4157714844e-03   5.1290893555e-01   0.000000e+00   0.000000e+00
  7.4157714844e-03   6.7718708008e-01   0.000000e+00   0.000000e+00
  7.4157714844e-03   8.8109569336e-01   0.000000e+00   0.000000e+00
  1.3865791016e-02   9.7656250000e-09   1.274166e+31   8.745440e+28
  1.3865791016e-02   2.3730468750e-06   2.761183e+31   1.287408e+29
  1.3865791016e-02   3.0517578125e-05   3.949332e+31   1.539680e+29
  1.3865791016e-02   1.6413085937e-04   4.768623e+31   1.691863e+29
  1.3865791016e-02   5.7665039063e-04   5.596978e+31   1.832928e+29
  1.3865791016e-02   1.5727636719e-03   6.088829e+31   1.911770e+29
  1.3865791016e-02   3.6259082031e-03   6.095071e+31   1.912749e+29
  1.3865791016e-02   7.4157714844e-03   5.776335e+31   1.862065e+29
  1.3865791016e-02   1.3865791016e-02   5.340848e+31   1.790498e+29
  1.3865791016e-02   2.4180654297e-02   4.351144e+31   1.616108e+29
  1.3865791016e-02   3.9883798828e-02   3.115335e+31   1.367480e+29
  1.3865791016e-02   6.2854912109e-02   1.846271e+31   1.052729e+29
  1.3865791016e-02   9.5367431641e-02   9.189937e+30   7.427197e+28
  1.3865791016e-02   1.4012604492e-01   3.222180e+30   4.397882e+28
  1.3865791016e-02   2.0030418945e-01   8.847791e+29   2.304550e+28
  1.3865791016e-02   2.7958155273e-01   1.128483e+29   8.230312e+27
  1.3865791016e-02   3.8218157227e-01   1.080463e+28   2.546675e+27
  1.3865791016e-02   5.1290893555e-01   0.000000e+00   0.000000e+00
  1.3865791016e-02   6.7718708008e-01   0.000000e+00   0.000000e+00
  1.3865791016e-02   8.8109569336e-01   0.000000e+00   0.000000e+00
  2.4180654297e-02   9.7656250000e-09   1.005911e+31   7.770491e+28
  2.4180654297e-02   2.3730468750e-06   2.216990e+31   1.153587e+29
  2.4180654297e-02   3.0517578125e-05   3.164676e+31   1.378267e+29
  2.4180654297e-02   1.6413085937e-04   3.791644e+31   1.508629e+29
  2.4180654297e-02   5.7665039063e-04   4.479299e+31   1.639735e+29
  2.4180654297e-02   1.5727636719e-03   4.862023e+31   1.708351e+29
  2.4180654297e-02   3.6259082031e-03   4.868206e+31   1.709437e+29
  2.4180654297e-02   7.4157714844e-03   4.610995e+31   1.663666e+29
  2.4180654297e-02   1.3865791016e-02   4.261886e+31   1.599446e+29
  2.4180654297e-02   2.4180654297e-02   3.499979e+31   1.449444e+29
  2.4180654297e-02   3.9883798828e-02   2.526843e+31   1.231566e+29
  2.4180654297e-02   6.2854912109e-02   1.484376e+31   9.439318e+28
  2.4180654297e-02   9.5367431641e-02   7.299727e+30   6.619451e+28
  2.4180654297e-02   1.4012604492e-01   2.519880e+30   3.889185e+28
  2.4180654297e-02   2.0030418945e-01   7.281119e+29   2.090585e+28
  2.4180654297e-02   2.7958155273e-01   9.243960e+28   7.448995e+27
  2.4180654297e-02   3.8218157227e-01   1.020437e+28   2.474924e+27
  2.4180654297e-02   5.1290893555e-01   0.000000e+00   0.000000e+00
  2.4180654297e-02   6.7718708008e-01   0.000000e+00   0.000000e+00
  2.4180654297e-02   8.8109569336e-01   0.000000e+00   0.000000e+00
  3.9883798828e-02   9.7656250000e-09   7.269114e+30   6.605557e+28
  3.9883798828e-02   2.3730468750e-06   1.596684e+31   9.789898e+28
  3.9883798828e-02   3.0517578125e-05   2.236858e+31   1.158745e+29
  3.9883798828e-02   1.6413085937e-04   2.747197e+31   1.284144e+29
  3.9883798828e-02   5.7665039063e-04   3.228663e+31   1.392131e+29
  3.9883798828e-02   1.5727636719e-03   3.460543e+31   1.441255e+29
  3.9883798828e-02   3.6259082031e-03   3.523450e+31   1.454296e+29
  3.9883798828e-02   7.4157714844e-03   3.312759e+31   1.410144e+29
  3.9883798828e-02   1.3865791016e-02   3.081960e+31   1.360136e+29
  3.9883798828e-02   2.4180654297e-02   2.518199e+31   1.229458e+29
  3.9883798828e-02   3.9883798828e-02   1.828263e+31   1.047582e+29
  3.9883798828e-02   6.2854912109e-02   1.087606e+31   8.079872e+28
  3.9883798828e-02   9.5367431641e-02   5.342889e+30   5.663133e+28
  3.9883798828e-02   1.4012604492e-01   1.926825e+30   3.400869e+28
  3.9883798828e-02   2.0030418945e-01   5.258253e+29   1.776599e+28
  3.9883798828e-02   2.7958155273e-01   6.902957e+28   6.437041e+27
  3.9883798828e-02   3.8218157227e-01   4.201800e+27   1.588131e+27
  3.9883798828e-02   5.1290893555e-01   0.000000e+00   0.000000e+00
  3.9883798828e-02   6.7718708008e-01   0.000000e+00   0.000000e+00
  3.9883798828e-02   8.8109569336e-01   0.000000e+00   0.000000e+00
  6.2854912109e-02   9.7656250000e-09   4.334457e+30   5.100773e+28
  6.2854912109e-02   2.3730468750e-06   9.480462e+30   7.543683e+28
  6.2854912109e-02   3.0517578125e-05   1.347877e+31   8.994849e+28
  6.2854912109e-02   1.6413085937e-04   1.640023e+31   9.921871e+28
  6.2854912109e-02   5.7665039063e-04   1.922924e+31   1.074360e+29
  6.2854912109e-02   1.5727636719e-03   2.089855e+31   1.120023e+29
  6.2854912109e-02   3.6259082031e-03   2.120348e+31   1.128164e+29
  6.2854912109e-02   7.4157714844e-03   1.994655e+31   1.094215e+29
  6.2854912109e-02   1.3865791016e-02   1.856836e+31   1.055736e+29
  6.2854912109e-02   2.4180654297e-02   1.529155e+31   9.580638e+28
  6.2854912109e-02   3.9883798828e-02   1.095049e+31   8.107472e+28
  6.2854912109e-02   6.2854912109e-02   6.572216e+30   6.280939e+28
  6.2854912109e-02   9.5367431641e-02   3.217378e+30   4.394604e+28
  6.2854912109e-02   1.4012604492e-01   1.133886e+30   2.608875e+28
  6.2854912109e-02   2.0030418945e-01   3.445476e+29   1.438114e+28
  6.2854912109e-02   2.7958155273e-01   4.261826e+28   5.057857e+27
  6.2854912109e-02   3.8218157227e-01   4.802057e+27   1.697784e+27
  6.2854912109e-02   5.1290893555e-01   0.000000e+00   0.000000e+00
  6.2854912109e-02   6.7718708008e-01   0.000000e+00   0.000000e+00
  6.2854912109e-02   8.8109569336e-01   0.000000e+00   0.000000e+00
  9.5367431641e-02   9.7656250000e-09   2.221552e+30   3.651715e+28
  9.5367431641e-02   2.3730468750e-06   4.908903e+30   5.428263e+28
  9.5367431641e-02   3.0517578125e-05   6.889752e+30   6.430881e+28
  9.5367431641e-02   1.6413085937e-04   8.323766e+30   7.068522e+28
  9.5367431641e-02   5.7665039063e-04   9.832212e+30   7.682354e+28
  9.5367431641e-02   1.5727636719e-03   1.076141e+31   8.037172e+28
  9.5367431641e-02   3.6259082031e-03   1.064556e+31   7.993794e+28
  9.5367431641e-02   7.4157714844e-03   1.017016e+31   7.813264e+28
  9.5367431641e-02   1.3865791016e-02   9.335800e+30   7.485907e+28
  9.5367431641e-02   2.4180654297e-02   7.571644e+30   6.741612e+28
  9.5367431641e-02   3.9883798828e-02   5.588394e+30   5.791782e+28
  9.5367431641e-02   6.2854912109e-02   3.402858e+30   4.519502e+28
  9.5367431641e-02   9.5367431641e-02   1.652508e+30   3.149492e+28
  9.5367431641e-02   1.4012604492e-01   6.416749e+29   1.962575e+28
  9.5367431641e-02   2.0030418945e-01   1.692725e+29   1.008003e+28
  9.5367431641e-02   2.7958155273e-01   2.401029e+28   3.796360e+27
  9.5367431641e-02   3.8218157227e-01   6.002572e+27   1.898180e+27
  9.5367431641e-02   5.1290893555e-01   0.000000e+00   0.000000e+00
  9.5367431641e-02   6.7718708008e-01   0.000000e+00   0.000000e+00
  9.5367431641e-02   8.8109569336e-01   0.000000e+00   0.000000e+00
  1.4012604492e-01   9.7656250000e-09   7.317135e+29   2.095749e+28
  1.4012604492e-01   2.3730468750e-06   1.686122e+30   3.181363e+28
  1.4012604492e-01   3.0517578125e-05   2.303787e+30   3.718689e+28
  1.4012604492e-01   1.6413085937e-04   2.946062e+30   4.205229e+28
  1.4012604492e-01   5.7665039063e-04   3.457481e+30   4.555632e+28
  1.4012604492e-01   1.5727636719e-03   3.748606e+30   4.743551e+28
  1.4012604492e-01   3.6259082031e-03   3.791824e+30   4.770817e+28
  1.4012604492e-01   7.4157714844e-03   3.489295e+30   4.576543e+28
  1.4012604492e-01   1.3865791016e-02   3.315821e+30   4.461328e+28
  1.4012604492e-01   2.4180654297e-02   2.714363e+30   4.036478e+28
  1.4012604492e-01   3.9883798828e-02   2.003058e+30   3.467492e+28
  1.4012604492e-01   6.2854912109e-02   1.246734e+30   2.735619e+28
  1.4012604492e-01   9.5367431641e-02   6.368728e+29   1.955217e+28
  1.4012604492e-01   1.4012604492e-01   2.443047e+29   1.210973e+28
  1.4012604492e-01   2.0030418945e-01   5.042160e+28   5.501448e+27
  1.4012604492e-01   2.7958155273e-01   1.260540e+28   2.750724e+27
  1.4012604492e-01   3.8218157227e-01   6.002572e+26   6.002572e+26
  1.4012604492e-01   5.1290893555e-01   0.000000e+00   0.000000e+00
  1.4012604492e-01   6.7718708008e-01   0.000000e+00   0.000000e+00
  1.4012604492e-01   8.8109569336e-01   0.000000e+00   0.000000e+00
  2.0030418945e-01   9.7656250000e-09   1.776761e+29   1.032721e+28
  2.0030418945e-01   2.3730468750e-06   4.183792e+29   1.584724e+28
  2.0030418945e-01   3.0517578125e-05   5.444332e+29   1.807761e+28
  2.0030418945e-01   1.6413085937e-04   6.920965e+29   2.038224e+28
  2.0030418945e-01   5.7665039063e-04   8.289551e+29   2.230664e+28
  2.0030418945e-01   1.5727636719e-03   8.913819e+29   2.313133e+28
  2.0030418945e-01   3.6259082031e-03   8.805773e+29   2.299071e+28
  2.0030418945e-01   7.4157714844e-03   8.589680e+29   2.270686e+28
  2.0030418945e-01   1.3865791016e-02   8.295554e+29   2.231472e+28
  2.0030418945e-01   2.4180654297e-02   6.776903e+29   2.016900e+28
  2.0030418945e-01   3.9883798828e-02   4.826068e+29   1.702023e+28
  2.0030418945e-01   6.2854912109e-02   2.905245e+29   1.320566e+28
  2.0030418945e-01   9.5367431641e-02   1.626697e+29   9.881480e+27
  2.0030418945e-01   1.4012604492e-01   6.962983e+28   6.464967e+27
  2.0030418945e-01   2.0030418945e-01   1.320566e+28   2.815456e+27
  2.0030418945e-01   2.7958155273e-01   1.200514e+27   8.488918e+26
  2.0030418945e-01   3.8218157227e-01   0.000000e+00   0.000000e+00
  2.0030418945e-01   5.1290893555e-01   0.000000e+00   0.000000e+00
  2.0030418945e-01   6.7718708008e-01   0.000000e+00   0.000000e+00
  2.0030418945e-01   8.8109569336e-01   0.000000e+00   0.000000e+00
  2.7958155273e-01   9.7656250000e-09   3.181363e+28   4.369938e+27
  2.7958155273e-01   2.3730468750e-06   6.002572e+28   6.002572e+27
  2.7958155273e-01   3.0517578125e-05   9.664140e+28   7.616410e+27
  2.7958155273e-01   1.6413085937e-04   1.374589e+29   9.083539e+27
  2.7958155273e-01   5.7665039063e-04   1.524653e+29   9.566525e+27
  2.7958155273e-01   1.5727636719e-03   1.524653e+29   9.566525e+27
  2.7958155273e-01   3.6259082031e-03   1.620694e+29   9.863232e+27
  2.7958155273e-01   7.4157714844e-03   1.572674e+29   9.716011e+27
  2.7958155273e-01   1.3865791016e-02   1.392597e+29   9.142845e+27
  2.7958155273e-01   2.4180654297e-02   1.410604e+29   9.201768e+27
  2.7958155273e-01   3.9883798828e-02   8.643703e+28   7.203086e+27
  2.7958155273e-01   6.2854912109e-02   5.882520e+28   5.942243e+27
  2.7958155273e-01   9.5367431641e-02   3.301414e+28   4.451626e+27
  2.7958155273e-01   1.4012604492e-01   1.320566e+28   2.815456e+27
  2.7958155273e-01   2.0030418945e-01   4.201800e+27   1.588131e+27
  2.7958155273e-01   2.7958155273e-01   6.002572e+26   6.002572e+26
  2.7958155273e-01   3.8218157227e-01   0.000000e+00   0.000000e+00
  2.7958155273e-01   5.1290893555e-01   0.000000e+00   0.000000e+00
  2.7958155273e-01   6.7718708008e-01   0.000000e+00   0.000000e+00
  2.7958155273e-01   8.8109569336e-01   0.000000e+00   0.000000e+00
  3.8218157227e-01   9.7656250000e-09   0.000000e+00   0.000000e+00
  3.8218157227e-01   2.3730468750e-06   0.000000e+00   0.000000e+00
  3.8218157227e-01   3.0517578125e-05   0.000000e+00   0.000000e+00
  3.8218157227e-01   1.6413085937e-04   0.000000e+00   0.000000e+00
  3.8218157227e-01   5.7665039063e-04   0.000000e+00   0.000000e+00
  3.8218157227e-01   1.5727636719e-03   0.000000e+00   0.000000e+00
  3.8218157227e-01   3.6259082031e-03   0.000000e+00   0.000000e+00
  3.8218157227e-01   7.4157714844e-03   0.000000e+00   0.000000e+00
  3.8218157227e-01   1.3865791016e-02   0.000000e+00   0.000000e+00
  3.8218157227e-01   2.4180654297e-02   0.000000e+00   0.000000e+00
  3.8218157227e-01   3.9883798828e-02   0.000000e+00   0.000000e+00
  3.8218157227e-01   6.2854912109e-02   0.000000e+00   0.000000e+00
  3.8218157227e-01   9.5367431641e-02   0.000000e+00   0.000000e+00
  3.8218157227e-01   1.4012604492e-01   0.000000e+00   0.000000e+00
  3.8218157227e-01   2.0030418945e-01   0.000000e+00   0.000000e+00
  3.8218157227e-01   2.7958155273e-01   0.000000e+00   0.000000e+00
  3.8218157227e-01   3.8218157227e-01   0.000000e+00   0.000000e+00
  3.8218157227e-01   5.1290893555e-01   0.000000e+00   0.000000e+00
  3.8218157227e-01   6.7718708008e-01   0.000000e+00   0.000000e+00
  3.8218157227e-01   8.8109569336e-01   0.000000e+00   0.000000e+00
  5.1290893555e-01   9.7656250000e-09   0.000000e+00   0.000000e+00
  5.1290893555e-01   2.3730468750e-06   0.000000e+00   0.000000e+00
  5.1290893555e-01   3.0517578125e-05   0.000000e+00   0.000000e+00
  5.1290893555e-01   1.6413085937e-04   0.000000e+00   0.000000e+00
  5.1290893555e-01   5.7665039063e-04   0.000000e+00   0.000000e+00
  5.1290893555e-01   1.5727636719e-03   0.000000e+00   0.000000e+00
  5.1290893555e-01   3.6259082031e-03   0.000000e+00   0.000000e+00
  5.1290893555e-01   7.4157714844e-03   0.000000e+00   0.000000e+00
  5.1290893555e-01   1.3865791016e-02   0.000000e+00   0.000000e+00
  5.1290893555e-01   2.4180654297e-02   0.000000e+00   0.000000e+00
  5.1290893555e-01   3.9883798828e-02   0.000000e+00   0.000000e+00
  5.1290893555e-01   6.2854912109e-02   0.000000e+00   0.000000e+00
  5.1290893555e-01   9.5367431641e-02   0.000000e+00   0.000000e+00
  5.1290893555e-01   1.4012604492e-01   0.000000e+00   0.000000e+00
  5.1290893555e-01   2.0030418945e-01   0.000000e+00   0.000000e+00
  5.1290893555e-01   2.7958155273e-01   0.000000e+00   0.000000e+00
  5.1290893555e-01   3.8218157227e-01   0.000000e+00   0.000000e+00
  5.1290893555e-01   5.1290893555e-01   0.000000e+00   0.000000e+00
  5.1290893555e-01   6.7718708008e-01   0.000000e+00   0.000000e+00
  5.1290893555e-01   8.8109569336e-01   0.000000e+00   0.000000e+00
  6.7718708008e-01   9.7656250000e-09   0.000000e+00   0.000000e+00
  6.7718708008e-01   2.3730468750e-06   0.000000e+00   0.000000e+00
  6.7718708008e-01   3.0517578125e-05   0.000000e+00   0.000000e+00
  6.7718708008e-01   1.6413085937e-04   0.000000e+00   0.000000e+00
  6.7718708008e-01   5.7665039063e-04   0.000000e+00   0.000000e+00
  6.7718708008e-01   1.5727636719e-03   0.000000e+00   0.000000e+00
  6.7718708008e-01   3.6259082031e-03   0.000000e+00   0.000000e+00
  6.7718708008e-01   7.4157714844e-03   0.000000e+00   0.000000e+00
  6.7718708008e-01   1.3865791016e-02   0.000000e+00   0.000000e+00
  6.7718708008e-01   2.4180654297e-02   0.000000e+00   0.000000e+00
  6.7718708008e-01   3.9883798828e-02   0.000000e+00   0.000000e+00
  6.7718708008e-01   6.2854912109e-02   0.000000e+00   0.000000e+00
  6.7718708008e-01   9.5367431641e-02   0.000000e+00   0.000000e+00
  6.7718708008e-01   1.4012604492e-01   0.000000e+00   0.000000e+00
  6.7718708008e-01   2.0030418945e-01   0.000000e+00   0.000000e+00
  6.7718708008e-01   2.7958155273e-01   0.000000e+00   0.000000e+00
  6.7718708008e-01   3.8218157227e-01   0.000000e+00   0.000000e+00
  6.7718708008e-01   5.1290893555e-01   0.000000e+00   0.000000e+00
  6.7718708008e-01   6.7718708008e-01   0.000000e+00   0.000000e+00
  6.7718708008e-01   8.8109569336e-01   0.000000e+00   0.000000e+00
  8.8109569336e-01   9.7656250000e-09   0.000000e+00   0.000000e+00
  8.8109569336e-01   2.3730468750e-06   0.000000e+00   0.000000e+00
  8.8109569336e-01   3.0517578125e-05   0.000000e+00   0.000000e+00
  8.8109569336e-01   1.6413085937e-04   0.000000e+00   0.000000e+00
  8.8109569336e-01   5.7665039063e-04   0.000000e+00   0.000000e+00
  8.8109569336e-01   1.5727636719e-03   0.000000e+00   0.000000e+00
  8.8109569336e-01   3.6259082031e-03   0.000000e+00   0.000000e+00
  8.8109569336e-01   7.4157714844e-03   0.000000e+00   0.000000e+00
  8.8109569336e-01   1.3865791016e-02   0.000000e+00   0.000000e+00
  8.8109569336e-01   2.4180654297e-02   0.000000e+00   0.000000e+00
  8.8109569336e-01   3.9883798828e-02   0.000000e+00   0.000000e+00
  8.8109569336e-01   6.2854912109e-02   0.000000e+00   0.000000e+00
  8.8109569336e-01   9.5367431641e-02   0.000000e+00   0.000000e+00
  8.8109569336e-01   1.4012604492e-01   0.000000e+00   0.000000e+00
  8.8109569336e-01   2.0030418945e-01   0.000000e+00   0.000000e+00
  8.8109569336e-01   2.7958155273e-01   0.000000e+00   0.000000e+00
  8.8109569336e-01   3.8218157227e-01   0.000000e+00   0.000000e+00
  8.8109569336e-01   5.1290893555e-01   0.000000e+00   0.000000e+00
  8.8109569336e-01   6.7718708008e-01   0.000000e+00   0.000000e+00
  8.8109569336e-01   8.8109569336e-01   0.000000e+00   0.000000e+00
  9.7656250000e-09   0.000000e+00   0.000000e+00   0.000000e+00   0.000000e+00
  2.3730468750e-06   0.000000e+00   0.000000e+00   0.000000e+00   0.000000e+00
  3.0517578125e-05   0.000000e+00   0.000000e+00   0.000000e+00   0.000000e+00
  1.6413085937e-04   0.000000e+00   0.000000e+00   0.000000e+00   0.000000e+00
  5.7665039063e-04   0.000000e+00   0.000000e+00   0.000000e+00   0.000000e+00
  1.5727636719e-03   0.000000e+00   0.000000e+00   0.000000e+00   0.000000e+00
  3.6259082031e-03   0.000000e+00   0.000000e+00   0.000000e+00   0.000000e+00
  7.4157714844e-03   0.000000e+00   0.000000e+00   0.000000e+00   0.000000e+00
  1.3865791016e-02   0.000000e+00   0.000000e+00   0.000000e+00   0.000000e+00
  2.4180654297e-02   0.000000e+00   0.000000e+00   0.000000e+00   0.000000e+00
  3.9883798828e-02   0.000000e+00   0.000000e+00   0.000000e+00   0.000000e+00
  6.2854912109e-02   0.000000e+00   0.000000e+00   0.000000e+00   0.000000e+00
  9.5367431641e-02   0.000000e+00   0.000000e+00   0.000000e+00   0.000000e+00
  1.4012604492e-01   0.000000e+00   0.000000e+00   0.000000e+00   0.000000e+00
  2.0030418945e-01   0.000000e+00   0.000000e+00   0.000000e+00   0.000000e+00
  2.7958155273e-01   0.000000e+00   0.000000e+00   0.000000e+00   0.000000e+00
  3.8218157227e-01   0.000000e+00   0.000000e+00   0.000000e+00   0.000000e+00
  5.1290893555e-01   0.000000e+00   0.000000e+00   0.000000e+00   0.000000e+00
  6.7718708008e-01   0.000000e+00   0.000000e+00   0.000000e+00   0.000000e+00
  8.8109569336e-01   0.000000e+00   0.000000e+00   0.000000e+00   0.000000e+00
  9.7656250000e-09   0.000000e+00   0.000000e+00   0.000000e+00   0.000000e+00
  2.3730468750e-06   0.000000e+00   0.000000e+00   0.000000e+00   0.000000e+00
  3.0517578125e-05   0.000000e+00   0.000000e+00   0.000000e+00   0.000000e+00
  1.6413085937e-04   0.000000e+00   0.000000e+00   0.000000e+00   0.000000e+00
  5.7665039063e-04   0.000000e+00   0.000000e+00   0.000000e+00   0.000000e+00
  1.5727636719e-03   0.000000e+00   0.000000e+00   0.000000e+00   0.000000e+00
  3.6259082031e-03   0.000000e+00   0.000000e+00   0.000000e+00   0.000000e+00
  7.4157714844e-03   0.000000e+00   0.000000e+00   0.000000e+00   0.000000e+00
  1.3865791016e-02   0.000000e+00   0.000000e+00   0.000000e+00   0.000000e+00
  2.4180654297e-02   0.000000e+00   0.000000e+00   0.000000e+00   0.000000e+00
  3.9883798828e-02   0.000000e+00   0.000000e+00   0.000000e+00   0.000000e+00
  6.2854912109e-02   0.000000e+00   0.000000e+00   0.000000e+00   0.000000e+00
  9.5367431641e-02   0.000000e+00   0.000000e+00   0.000000e+00   0.000000e+00
  1.4012604492e-01   0.000000e+00   0.000000e+00   0.000000e+00   0.000000e+00
  2.0030418945e-01   0.000000e+00   0.000000e+00   0.000000e+00   0.000000e+00
  2.7958155273e-01   0.000000e+00   0.000000e+00   0.000000e+00   0.000000e+00
  3.8218157227e-01   0.000000e+00   0.000000e+00   0.000000e+00   0.000000e+00
  5.1290893555e-01   0.000000e+00   0.000000e+00   0.000000e+00   0.000000e+00
  6.7718708008e-01   0.000000e+00   0.000000e+00   0.000000e+00   0.000000e+00
  8.8109569336e-01   0.000000e+00   0.000000e+00   0.000000e+00   0.000000e+00
  0.000000e+00   0.000000e+00   0.000000e+00   0.000000e+00
  0.000000e+00   0.000000e+00   0.000000e+00   0.000000e+00
