  5.000000e+00
  9.9999999023e-01   9.7656250000e-09   1.317720e+30   1.051387e+28
  9.9999999023e-01   2.3730468750e-06   2.912860e+30   1.563187e+28
  9.9999999023e-01   3.0517578125e-05   4.064649e+30   1.846557e+28
  9.9999999023e-01   1.6413085937e-04   5.058140e+30   2.059902e+28
  9.9999999023e-01   5.7665039063e-04   5.759700e+30   2.198118e+28
  9.9999999023e-01   1.5727636719e-03   6.337356e+30   2.305713e+28
  9.9999999023e-01   3.6259082031e-03   6.684822e+30   2.368079e+28
  9.9999999023e-01   7.4157714844e-03   6.527195e+30   2.339993e+28
  9.9999999023e-01   1.3865791016e-02   6.207580e+30   2.281983e+28
  9.9999999023e-01   2.4180654297e-02   5.291686e+30   2.106921e+28
  9.9999999023e-01   3.9883798828e-02   4.125804e+30   1.860396e+28
  9.9999999023e-01   6.2854912109e-02   2.837864e+30   1.542933e+28
  9.9999999023e-01   9.5367431641e-02   1.593797e+30   1.156293e+28
  9.9999999023e-01   1.4012604492e-01   7.556675e+29   7.961897e+27
  9.9999999023e-01   2.0030418945e-01   2.248211e+29   4.342799e+27
  9.9999999023e-01   2.7958155273e-01   4.269924e+28   1.892611e+27
  9.9999999023e-01   3.8218157227e-01   4.781644e+27   6.333442e+26
  9.9999999023e-01   5.1290893555e-01   0.000000e+00   0.000000e+00
  9.9999999023e-01   6.7718708008e-01   0.000000e+00   0.000000e+00
  9.9999999023e-01   8.8109569336e-01   0.000000e+00   0.000000e+00
  9.9999762695e-01   9.7656250000e-09   5.331533e+30   2.114839e+28
  9.9999762695e-01   2.3730468750e-06   1.168835e+31   3.131322e+28
  9.9999762695e-01   3.0517578125e-05   1.635465e+31   3.704007e+28
  9.9999762695e-01   1.6413085937e-04   2.028533e+31   4.125173e+28
  9.9999762695e-01   5.7665039063e-04   2.303595e+31   4.395965e+28
  9.9999762695e-01   1.5727636719e-03   2.547417e+31   4.622758e+28
  9.9999762695e-01   3.6259082031e-03   2.685103e+31   4.746043e+28
  9.9999762695e-01   7.4157714844e-03   2.644526e+31   4.710045e+28
  9.9999762695e-01   1.3865791016e-02   2.483535e+31   4.564428e+28
  9.9999762695e-01   2.4180654297e-02   2.133427e+31   4.230484e+28
  9.9999762695e-01   3.9883798828e-02   1.667040e+31   3.739592e+28
  9.9999762695e-01   6.2854912109e-02   1.141068e+31   3.093905e+28
  9.9999762695e-01   9.5367431641e-02   6.452702e+30   2.326601e+28
  9.9999762695e-01   1.4012604492e-01   2.982655e+30   1.581804e+28
  9.9999762695e-01   2.0030418945e-01   9.129584e+29   8.751383e+27
  9.9999762695e-01   2.7958155273e-01   1.870713e+29   3.961456e+27
  9.9999762695e-01   3.8218157227e-01   2.097212e+28   1.326393e+27
  9.9999762695e-01   5.1290893555e-01   0.000000e+00   0.000000e+00
  9.9999762695e-01   6.7718708008e-01   0.000000e+00   0.000000e+00
  9.9999762695e-01   8.8109569336e-01   0.000000e+00   0.000000e+00
  9.9996948242e-01   9.7656250000e-09   7.905819e+30   2.575281e+28
  9.9996948242e-01   2.3730468750e-06   1.739252e+31   3.819728e+28
  9.9996948242e-01   3.0517578125e-05   2.426726e+31   4.511922e+28
  9.9996948242e-01   1.6413085937e-04   3.003468e+31   5.019526e+28
  9.9996948242e-01   5.7665039063e-04   3.429621e+31   5.363821e+28
  9.9996948242e-01   1.5727636719e-03   3.788522e+31   5.637494e+28
  9.9996948242e-01   3.6259082031e-03   3.984787e+31   5.781676e+28
  9.9996948242e-01   7.4157714844e-03   3.933640e+31   5.744451e+28
  9.9996948242e-01   1.3865791016e-02   3.685272e+31   5.560143e+28
  9.9996948242e-01   2.4180654297e-02   3.161556e+31   5.149933e+28
  9.9996948242e-01   3.9883798828e-02   2.483141e+31   4.564066e+28
  9.9996948242e-01   6.2854912109e-02   1.698826e+31   3.775075e+28
  9.9996948242e-01   9.5367431641e-02   9.574529e+30   2.834065e+28
  9.9996948242e-01   1.4012604492e-01   4.468824e+30   1.936189e+28
  9.9996948242e-01   2.0030418945e-01   1.360671e+30   1.068385e+28
  9.9996948242e-01   2.7958155273e-01   2.762448e+29   4.813913e+27
  9.9996948242e-01   3.8218157227e-01   3.280040e+28   1.658787e+27
  9.9996948242e-01   5.1290893555e-01   0.000000e+00   0.000000e+00
  9.9996948242e-01   6.7718708008e-01   0.000000e+00   0.000000e+00
  9.9996948242e-01   8.8109569336e-01   0.000000e+00   0.000000e+00
  9.9983586914e-01   9.7656250000e-09   1.061366e+31   2.983896e+28
  9.9983586914e-01   2.3730468750e-06   2.330338e+31   4.421409e+28
  9.9983586914e-01   3.0517578125e-05   3.241577e+31   5.214700e+28
  9.9983586914e-01   1.6413085937e-04   4.011833e+31   5.801263e+28
  9.9983586914e-01   5.7665039063e-04   4.577166e+31   6.196543e+28
  9.9983586914e-01   1.5727636719e-03   5.059919e+31   6.515128e+28
  9.9983586914e-01   3.6259082031e-03   5.320149e+31   6.680563e+28
  9.9983586914e-01   7.4157714844e-03   5.277005e+31   6.653420e+28
  9.9983586914e-01   1.3865791016e-02   4.952458e+31   6.445573e+28
  9.9983586914e-01   2.4180654297e-02   4.248071e+31   5.969625e+28
  9.9983586914e-01   3.9883798828e-02   3.328091e+31   5.283829e+28
  9.9983586914e-01   6.2854912109e-02   2.289124e+31   4.382136e+28
  9.9983586914e-01   9.5367431641e-02   1.294064e+31   3.294800e+28
  9.9983586914e-01   1.4012604492e-01   6.037035e+30   2.250417e+28
  9.9983586914e-01   2.0030418945e-01   1.869119e+30   1.252188e+28
  9.9983586914e-01   2.7958155273e-01   3.800148e+29   5.646138e+27
  9.9983586914e-01   3.8218157227e-01   3.791760e+28   1.783494e+27
  9.9983586914e-01   5.1290893555e-01   0.000000e+00   0.000000e+00
  9.9983586914e-01   6.7718708008e-01   0.000000e+00   0.000000e+00
  9.9983586914e-01   8.8109569336e-01   0.000000e+00   0.000000e+00
  9.9942334961e-01   9.7656250000e-09   1.330958e+31   3.341438e+28
  9.9942334961e-01   2.3730468750e-06   2.926249e+31   4.954579e+28
  9.9942334961e-01   3.0517578125e-05   4.090252e+31   5.857687e+28
  9.9942334961e-01   1.6413085937e-04   5.068920e+31   6.520920e+28
  9.9942334961e-01   5.7665039063e-04   5.770110e+31   6.957340e+28
  9.9942334961e-01   1.5727636719e-03   6.359771e+31   7.304187e+28
  9.9942334961e-01   3.6259082031e-03   6.745196e+31   7.522262e+28
  9.9942334961e-01   7.4157714844e-03   6.648205e+31   7.467984e+28
  9.9942334961e-01   1.3865791016e-02   6.251009e+31   7.241462e+28
  9.9942334961e-01   2.4180654297e-02   5.361858e+31   6.706700e+28
  9.9942334961e-01   3.9883798828e-02   4.212930e+31   5.944883e+28
  9.9942334961e-01   6.2854912109e-02   2.902231e+31   4.934205e+28
  9.9942334961e-01   9.5367431641e-02   1.645523e+31   3.715379e+28
  9.9942334961e-01   1.4012604492e-01   7.684773e+30   2.539023e+28
  9.9942334961e-01   2.0030418945e-01   2.398288e+30   1.418410e+28
  9.9942334961e-01   2.7958155273e-01   4.899927e+29   6.411298e+27
  9.9942334961e-01   3.8218157227e-01   4.932643e+28   2.034188e+27
  9.9942334961e-01   5.1290893555e-01   0.000000e+00   0.000000e+00
  9.9942334961e-01   6.7718708008e-01   0.000000e+00   0.000000e+00
  9.9942334961e-01   8.8109569336e-01   0.000000e+00   0.000000e+00
  9.9842723633e-01   9.7656250000e-09   1.635515e+31   3.704064e+28
  9.9842723633e-01   2.3730468750e-06   3.602297e+31   5.497193e+28
  9.9842723633e-01   3.0517578125e-05   5.028158e+31   6.494649e+28
  9.9842723633e-01   1.6413085937e-04   6.235029e+31   7.232200e+28
  9.9842723633e-01   5.7665039063e-04   7.103736e+31   7.719596e+28
  9.9842723633e-01   1.5727636719e-03   7.832022e+31   8.105655e+28
  9.9842723633e-01   3.6259082031e-03   8.269895e+31   8.329159e+28
  9.9842723633e-01   7.4157714844e-03   8.184270e+31   8.285928e+28
  9.9842723633e-01   1.3865791016e-02   7.689043e+31   8.031327e+28
  9.9842723633e-01   2.4180654297e-02   6.608634e+31   7.445726e+28
  9.9842723633e-01   3.9883798828e-02   5.189174e+31   6.597818e+28
  9.9842723633e-01   6.2854912109e-02   3.584832e+31   5.483850e+28
  9.9842723633e-01   9.5367431641e-02   2.039908e+31   4.136723e+28
  9.9842723633e-01   1.4012604492e-01   9.587447e+30   2.835977e+28
  9.9842723633e-01   2.0030418945e-01   2.997923e+30   1.585847e+28
  9.9842723633e-01   2.7958155273e-01   6.086949e+29   7.145802e+27
  9.9842723633e-01   3.8218157227e-01   6.182582e+28   2.277383e+27
  9.9842723633e-01   5.1290893555e-01   0.000000e+00   0.000000e+00
  9.9842723633e-01   6.7718708008e-01   0.000000e+00   0.000000e+00
  9.9842723633e-01   8.8109569336e-01   0.000000e+00   0.000000e+00
  9.9637409180e-01   9.7656250000e-09   1.910141e+31   4.002984e+28
  9.9637409180e-01   2.3730468750e-06   4.198694e+31   5.934830e+28
  9.9637409180e-01   3.0517578125e-05   5.862186e+31   7.012631e+28
  9.9637409180e-01   1.6413085937e-04   7.262763e+31   7.805525e+28
  9.9637409180e-01   5.7665039063e-04   8.275054e+31   8.331757e+28
  9.9637409180e-01   1.5727636719e-03   9.112546e+31   8.743213e+28
  9.9637409180e-01   3.6259082031e-03   9.674599e+31   9.008815e+28
  9.9637409180e-01   7.4157714844e-03   9.592489e+31   8.970504e+28
  9.9637409180e-01   1.3865791016e-02   8.999456e+31   8.688790e+28
  9.9637409180e-01   2.4180654297e-02   7.755113e+31   8.065759e+28
  9.9637409180e-01   3.9883798828e-02   6.096747e+31   7.151551e+28
  9.9637409180e-01   6.2854912109e-02   4.210464e+31   5.943143e+28
  9.9637409180e-01   9.5367431641e-02   2.406215e+31   4.492814e+28
  9.9637409180e-01   1.4012604492e-01   1.134231e+31   3.084622e+28
  9.9637409180e-01   2.0030418945e-01   3.575915e+30   1.731987e+28
  9.9637409180e-01   2.7958155273e-01   7.377154e+29   7.866754e+27
  9.9637409180e-01   3.8218157227e-01   8.120406e+28   2.609997e+27
  9.9637409180e-01   5.1290893555e-01   0.000000e+00   0.000000e+00
  9.9637409180e-01   6.7718708008e-01   0.000000e+00   0.000000e+00
  9.9637409180e-01   8.8109569336e-01   0.000000e+00   0.000000e+00
  9.9258422852e-01   9.7656250000e-09   2.142076e+31   4.239051e+28
  9.9258422852e-01   2.3730468750e-06   4.708308e+31   6.284687e+28
  9.9258422852e-01   3.0517578125e-05   6.564928e+31   7.421064e+28
  9.9258422852e-01   1.6413085937e-04   8.142074e+31   8.264540e+28
  9.9258422852e-01   5.7665039063e-04   9.273059e+31   8.819880e+28
  9.9258422852e-01   1.5727636719e-03   1.021905e+32   9.258838e+28
  9.9258422852e-01   3.6259082031e-03   1.083359e+32   9.533169e+28
  9.9258422852e-01   7.4157714844e-03   1.074422e+32   9.493768e+28
  9.9258422852e-01   1.3865791016e-02   1.009694e+32   9.203355e+28
  9.9258422852e-01   2.4180654297e-02   8.701820e+31   8.543901e+28
  9.9258422852e-01   3.9883798828e-02   6.860694e+31   7.586391e+28
  9.9258422852e-01   6.2854912109e-02   4.753415e+31   6.314719e+28
  9.9258422852e-01   9.5367431641e-02   2.729782e+31   4.785366e+28
  9.9258422852e-01   1.4012604492e-01   1.292923e+31   3.293347e+28
  9.9258422852e-01   2.0030418945e-01   4.071612e+30   1.848138e+28
  9.9258422852e-01   2.7958155273e-01   8.515520e+29   8.451947e+27
  9.9258422852e-01   3.8218157227e-01   8.716014e+28   2.704021e+27
  9.9258422852e-01   5.1290893555e-01   0.000000e+00   0.000000e+00
  9.9258422852e-01   6.7718708008e-01   0.000000e+00   0.000000e+00
  9.9258422852e-01   8.8109569336e-01   0.000000e+00   0.000000e+00
  9.8613420898e-01   9.7656250000e-09   2.286548e+31   4.379670e+28
  9.8613420898e-01   2.3730468750e-06   5.032890e+31   6.497704e+28
  9.8613420898e-01   3.0517578125e-05   7.027641e+31   7.678139e+28
  9.8613420898e-01   1.6413085937e-04   8.719327e+31   8.552492e+28
  9.8613420898e-01   5.7665039063e-04   9.937959e+31   9.130610e+28
  9.8613420898e-01   1.5727636719e-03   1.092476e+32   9.573198e+28
  9.8613420898e-01   3.6259082031e-03   1.161481e+32   9.870909e+28
  9.8613420898e-01   7.4157714844e-03   1.153650e+32   9.837577e+28
  9.8613420898e-01   1.3865791016e-02   1.084567e+32   9.538486e+28
  9.8613420898e-01   2.4180654297e-02   9.371359e+31   8.866505e+28
  9.8613420898e-01   3.9883798828e-02   7.394628e+31   7.876066e+28
  9.8613420898e-01   6.2854912109e-02   5.140393e+31   6.566733e+28
  9.8613420898e-01   9.5367431641e-02   2.967002e+31   4.988961e+28
  9.8613420898e-01   1.4012604492e-01   1.407036e+31   3.435610e+28
  9.8613420898e-01   2.0030418945e-01   4.552796e+30   1.954296e+28
  9.8613420898e-01   2.7958155273e-01   9.514632e+29   8.934025e+27
  9.8613420898e-01   3.8218157227e-01   9.999508e+28   2.896280e+27
  9.8613420898e-01   5.1290893555e-01   0.000000e+00   0.000000e+00
  9.8613420898e-01   6.7718708008e-01   0.000000e+00   0.000000e+00
  9.8613420898e-01   8.8109569336e-01   0.000000e+00   0.000000e+00
  9.7581934570e-01   9.7656250000e-09   2.313401e+31   4.405312e+28
  9.7581934570e-01   2.3730468750e-06   5.080538e+31   6.528389e+28
  9.7581934570e-01   3.0517578125e-05   7.112234e+31   7.724212e+28
  9.7581934570e-01   1.6413085937e-04   8.785062e+31   8.584670e+28
  9.7581934570e-01   5.7665039063e-04   1.002380e+32   9.169959e+28
  9.7581934570e-01   1.5727636719e-03   1.101107e+32   9.610941e+28
  9.7581934570e-01   3.6259082031e-03   1.172524e+32   9.917723e+28
  9.7581934570e-01   7.4157714844e-03   1.165322e+32   9.887218e+28
  9.7581934570e-01   1.3865791016e-02   1.096442e+32   9.590560e+28
  9.7581934570e-01   2.4180654297e-02   9.480246e+31   8.917867e+28
  9.7581934570e-01   3.9883798828e-02   7.510729e+31   7.937655e+28
  9.7581934570e-01   6.2854912109e-02   5.223182e+31   6.619402e+28
  9.7581934570e-01   9.5367431641e-02   3.028123e+31   5.040086e+28
  9.7581934570e-01   1.4012604492e-01   1.444652e+31   3.481231e+28
  9.7581934570e-01   2.0030418945e-01   4.661096e+30   1.977403e+28
  9.7581934570e-01   2.7958155273e-01   9.906391e+29   9.116097e+27
  9.7581934570e-01   3.8218157227e-01   1.041056e+29   2.955209e+27
  9.7581934570e-01   5.1290893555e-01   0.000000e+00   0.000000e+00
  9.7581934570e-01   6.7718708008e-01   0.000000e+00   0.000000e+00
  9.7581934570e-01   8.8109569336e-01   0.000000e+00   0.000000e+00
  9.6011620117e-01   9.7656250000e-09   2.080007e+31   4.177183e+28
  9.6011620117e-01   2.3730468750e-06   4.567401e+31   6.189930e+28
  9.6011620117e-01   3.0517578125e-05   6.407914e+31   7.331782e+28
  9.6011620117e-01   1.6413085937e-04   7.934198e+31   8.158357e+28
  9.6011620117e-01   5.7665039063e-04   9.056727e+31   8.716393e+28
  9.6011620117e-01   1.5727636719e-03   9.937648e+31   9.130467e+28
  9.6011620117e-01   3.6259082031e-03   1.057018e+32   9.416564e+28
  9.6011620117e-01   7.4157714844e-03   1.051310e+32   9.391102e+28
  9.6011620117e-01   1.3865791016e-02   9.900200e+31   9.113248e+28
  9.6011620117e-01   2.4180654297e-02   8.607143e+31   8.497295e+28
  9.6011620117e-01   3.9883798828e-02   6.806167e+31   7.556183e+28
  9.6011620117e-01   6.2854912109e-02   4.757224e+31   6.317249e+28
  9.6011620117e-01   9.5367431641e-02   2.766324e+31   4.817289e+28
  9.6011620117e-01   1.4012604492e-01   1.331629e+31   3.342280e+28
  9.6011620117e-01   2.0030418945e-01   4.373191e+30   1.915360e+28
  9.6011620117e-01   2.7958155273e-01   9.060795e+29   8.718351e+27
  9.6011620117e-01   3.8218157227e-01   9.814953e+28   2.869428e+27
  9.6011620117e-01   5.1290893555e-01   0.000000e+00   0.000000e+00
  9.6011620117e-01   6.7718708008e-01   0.000000e+00   0.000000e+00
  9.6011620117e-01   8.8109569336e-01   0.000000e+00   0.000000e+00
  9.3714508789e-01   9.7656250000e-09   1.663114e+31   3.735186e+28
  9.3714508789e-01   2.3730468750e-06   3.644133e+31   5.529021e+28
  9.3714508789e-01   3.0517578125e-05   5.124009e+31   6.556260e+28
  9.3714508789e-01   1.6413085937e-04   6.329856e+31   7.286989e+28
  9.3714508789e-01   5.7665039063e-04   7.233050e+31   7.789542e+28
  9.3714508789e-01   1.5727636719e-03   7.946840e+31   8.164854e+28
  9.3714508789e-01   3.6259082031e-03   8.449416e+31   8.419078e+28
  9.3714508789e-01   7.4157714844e-03   8.415777e+31   8.402302e+28
  9.3714508789e-01   1.3865791016e-02   7.924283e+31   8.153258e+28
  9.3714508789e-01   2.4180654297e-02   6.913158e+31   7.615342e+28
  9.3714508789e-01   3.9883798828e-02   5.477415e+31   6.778584e+28
  9.3714508789e-01   6.2854912109e-02   3.835977e+31   5.672692e+28
  9.3714508789e-01   9.5367431641e-02   2.249411e+31   4.343958e+28
  9.3714508789e-01   1.4012604492e-01   1.087958e+31   3.021046e+28
  9.3714508789e-01   2.0030418945e-01   3.585478e+30   1.734302e+28
  9.3714508789e-01   2.7958155273e-01   7.656502e+29   8.014315e+27
  9.3714508789e-01   3.8218157227e-01   8.346904e+28   2.646147e+27
  9.3714508789e-01   5.1290893555e-01   0.000000e+00   0.000000e+00
  9.3714508789e-01   6.7718708008e-01   0.000000e+00   0.000000e+00
  9.3714508789e-01   8.8109569336e-01   0.000000e+00   0.000000e+00
  9.0463256836e-01   9.7656250000e-09   1.126287e+31   3.073801e+28
  9.0463256836e-01   2.3730468750e-06   2.460944e+31   4.543621e+28
  9.0463256836e-01   3.0517578125e-05   3.458731e+31   5.386536e+28
  9.0463256836e-01   1.6413085937e-04   4.268548e+31   5.983996e+28
  9.0463256836e-01   5.7665039063e-04   4.873854e+31   6.394218e+28
  9.0463256836e-01   1.5727636719e-03   5.344854e+31   6.696057e+28
  9.0463256836e-01   3.6259082031e-03   5.710692e+31   6.921426e+28
  9.0463256836e-01   7.4157714844e-03   5.691263e+31   6.909642e+28
  9.0463256836e-01   1.3865791016e-02   5.360911e+31   6.706107e+28
  9.0463256836e-01   2.4180654297e-02   4.680869e+31   6.266346e+28
  9.0463256836e-01   3.9883798828e-02   3.732400e+31   5.595582e+28
  9.0463256836e-01   6.2854912109e-02   2.615081e+31   4.683750e+28
  9.0463256836e-01   9.5367431641e-02   1.538968e+31   3.593072e+28
  9.0463256836e-01   1.4012604492e-01   7.478407e+30   2.504700e+28
  9.0463256836e-01   2.0030418945e-01   2.532426e+30   1.457537e+28
  9.0463256836e-01   2.7958155273e-01   5.362991e+29   6.707408e+27
  9.0463256836e-01   3.8218157227e-01   6.501358e+28   2.335357e+27
  9.0463256836e-01   5.1290893555e-01   0.000000e+00   0.000000e+00
  9.0463256836e-01   6.7718708008e-01   0.000000e+00   0.000000e+00
  9.0463256836e-01   8.8109569336e-01   0.000000e+00   0.000000e+00
  8.5987395508e-01   9.7656250000e-09   6.175535e+30   2.276085e+28
  8.5987395508e-01   2.3730468750e-06   1.348365e+31   3.363217e+28
  8.5987395508e-01   3.0517578125e-05   1.891358e+31   3.983255e+28
  8.5987395508e-01   1.6413085937e-04   2.339482e+31   4.430075e+28
  8.5987395508e-01   5.7665039063e-04   2.677192e+31   4.739046e+28
  8.5987395508e-01   1.5727636719e-03   2.937230e+31   4.963867e+28
  8.5987395508e-01   3.6259082031e-03   3.133252e+31   5.126829e+28
  8.5987395508e-01   7.4157714844e-03   3.114561e+31   5.111515e+28
  8.5987395508e-01   1.3865791016e-02   2.942087e+31   4.967969e+28
  8.5987395508e-01   2.4180654297e-02   2.573607e+31   4.646461e+28
  8.5987395508e-01   3.9883798828e-02   2.052474e+31   4.149445e+28
  8.5987395508e-01   6.2854912109e-02   1.450088e+31   3.487774e+28
  8.5987395508e-01   9.5367431641e-02   8.614760e+30   2.688269e+28
  8.5987395508e-01   1.4012604492e-01   4.220430e+30   1.881610e+28
  8.5987395508e-01   2.0030418945e-01   1.465196e+30   1.108662e+28
  8.5987395508e-01   2.7958155273e-01   3.143302e+29   5.135044e+27
  8.5987395508e-01   3.8218157227e-01   3.582038e+28   1.733470e+27
  8.5987395508e-01   5.1290893555e-01   0.000000e+00   0.000000e+00
  8.5987395508e-01   6.7718708008e-01   0.000000e+00   0.000000e+00
  8.5987395508e-01   8.8109569336e-01   0.000000e+00   0.000000e+00
  7.9969581055e-01   9.7656250000e-09   2.323208e+30   1.396031e+28
  7.9969581055e-01   2.3730468750e-06   5.048829e+30   2.058005e+28
  7.9969581055e-01   3.0517578125e-05   7.103258e+30   2.441068e+28
  7.9969581055e-01   1.6413085937e-04   8.789248e+30   2.715358e+28
  7.9969581055e-01   5.7665039063e-04   1.008306e+31   2.908355e+28
  7.9969581055e-01   1.5727636719e-03   1.105717e+31   3.045603e+28
  7.9969581055e-01   3.6259082031e-03   1.177375e+31   3.142741e+28
  7.9969581055e-01   7.4157714844e-03   1.172149e+31   3.135758e+28
  7.9969581055e-01   1.3865791016e-02   1.099149e+31   3.036543e+28
  7.9969581055e-01   2.4180654297e-02   9.714455e+30   2.854699e+28
  7.9969581055e-01   3.9883798828e-02   7.772856e+30   2.553533e+28
  7.9969581055e-01   6.2854912109e-02   5.486978e+30   2.145447e+28
  7.9969581055e-01   9.5367431641e-02   3.301096e+30   1.664103e+28
  7.9969581055e-01   1.4012604492e-01   1.629114e+30   1.169034e+28
  7.9969581055e-01   2.0030418945e-01   5.792500e+29   6.970825e+27
  7.9969581055e-01   2.7958155273e-01   1.372416e+29   3.393079e+27
  7.9969581055e-01   3.8218157227e-01   1.384160e+28   1.077567e+27
  7.9969581055e-01   5.1290893555e-01   0.000000e+00   0.000000e+00
  7.9969581055e-01   6.7718708008e-01   0.000000e+00   0.000000e+00
  7.9969581055e-01   8.8109569336e-01   0.000000e+00   0.000000e+00
  7.2041844727e-01   9.7656250000e-09   5.274908e+29   6.652098e+27
  7.2041844727e-01   2.3730468750e-06   1.150866e+30   9.825702e+27
  7.2041844727e-01   3.0517578125e-05   1.653610e+30   1.177790e+28
  7.2041844727e-01   1.6413085937e-04   2.037567e+30   1.307396e+28
  7.2041844727e-01   5.7665039063e-04   2.335036e+30   1.399581e+28
  7.2041844727e-01   1.5727636719e-03   2.570008e+30   1.468312e+28
  7.2041844727e-01   3.6259082031e-03   2.723859e+30   1.511623e+28
  7.2041844727e-01   7.4157714844e-03   2.668577e+30   1.496205e+28
  7.2041844727e-01   1.3865791016e-02   2.539388e+30   1.459539e+28
  7.2041844727e-01   2.4180654297e-02   2.240661e+30   1.371006e+28
  7.2041844727e-01   3.9883798828e-02   1.802428e+30   1.229646e+28
  7.2041844727e-01   6.2854912109e-02   1.288779e+30   1.039777e+28
  7.2041844727e-01   9.5367431641e-02   8.003801e+29   8.194063e+27
  7.2041844727e-01   1.4012604492e-01   3.989736e+29   5.785265e+27
  7.2041844727e-01   2.0030418945e-01   1.489860e+29   3.535280e+27
  7.2041844727e-01   2.7958155273e-01   3.649149e+28   1.749633e+27
  7.2041844727e-01   3.8218157227e-01   5.033309e+27   6.497974e+26
  7.2041844727e-01   5.1290893555e-01   0.000000e+00   0.000000e+00
  7.2041844727e-01   6.7718708008e-01   0.000000e+00   0.000000e+00
  7.2041844727e-01   8.8109569336e-01   0.000000e+00   0.000000e+00
  6.1781842773e-01   9.7656250000e-09   7.415742e+28   2.494184e+27
  6.1781842773e-01   2.3730468750e-06   1.713842e+29   3.791722e+27
  6.1781842773e-01   3.0517578125e-05   2.371528e+29   4.460312e+27
  6.1781842773e-01   1.6413085937e-04   2.942808e+29   4.968578e+27
  6.1781842773e-01   5.7665039063e-04   3.257390e+29   5.227404e+27
  6.1781842773e-01   1.5727636719e-03   3.708710e+29   5.577796e+27
  6.1781842773e-01   3.6259082031e-03   3.920948e+29   5.735176e+27
  6.1781842773e-01   7.4157714844e-03   3.924303e+29   5.737629e+27
  6.1781842773e-01   1.3865791016e-02   3.606366e+29   5.500296e+27
  6.1781842773e-01   2.4180654297e-02   3.318629e+29   5.276312e+27
  6.1781842773e-01   3.9883798828e-02   2.658426e+29   4.722408e+27
  6.1781842773e-01   6.2854912109e-02   1.897558e+29   3.989777e+27
  6.1781842773e-01   9.5367431641e-02   1.163533e+29   3.124213e+27
  6.1781842773e-01   1.4012604492e-01   6.417469e+28   2.320241e+27
  6.1781842773e-01   2.0030418945e-01   2.407600e+28   1.421161e+27
  6.1781842773e-01   2.7958155273e-01   6.543302e+27   7.408831e+26
  6.1781842773e-01   3.8218157227e-01   9.227734e+26   2.782266e+26
  6.1781842773e-01   5.1290893555e-01   0.000000e+00   0.000000e+00
  6.1781842773e-01   6.7718708008e-01   0.000000e+00   0.000000e+00
  6.1781842773e-01   8.8109569336e-01   0.000000e+00   0.000000e+00
  4.8709106445e-01   9.7656250000e-09   4.110536e+27   5.872194e+26
  4.8709106445e-01   2.3730468750e-06   8.976068e+27   8.677493e+26
  4.8709106445e-01   3.0517578125e-05   1.400938e+28   1.084078e+27
  4.8709106445e-01   1.6413085937e-04   1.484826e+28   1.116064e+27
  4.8709106445e-01   5.7665039063e-04   1.870713e+28   1.252722e+27
  4.8709106445e-01   1.5727636719e-03   2.214656e+28   1.363027e+27
  4.8709106445e-01   3.6259082031e-03   1.988157e+28   1.291447e+27
  4.8709106445e-01   7.4157714844e-03   2.046879e+28   1.310380e+27
  4.8709106445e-01   1.3865791016e-02   2.097212e+28   1.326393e+27
  4.8709106445e-01   2.4180654297e-02   1.744881e+28   1.209857e+27
  4.8709106445e-01   3.9883798828e-02   1.283494e+28   1.037643e+27
  4.8709106445e-01   6.2854912109e-02   1.065384e+28   9.453752e+26
  4.8709106445e-01   9.5367431641e-02   8.640514e+27   8.513752e+26
  4.8709106445e-01   1.4012604492e-01   4.110536e+27   5.872194e+26
  4.8709106445e-01   2.0030418945e-01   8.388849e+26   2.652787e+26
  4.8709106445e-01   2.7958155273e-01   5.872194e+26   2.219481e+26
  4.8709106445e-01   3.8218157227e-01   1.677770e+26   1.186362e+26
  4.8709106445e-01   5.1290893555e-01   0.000000e+00   0.000000e+00
  4.8709106445e-01   6.7718708008e-01   0.000000e+00   0.000000e+00
  4.8709106445e-01   8.8109569336e-01   0.000000e+00   0.000000e+00
  3.2281291992e-01   9.7656250000e-09   0.000000e+00   0.000000e+00
  3.2281291992e-01   2.3730468750e-06   0.000000e+00   0.000000e+00
  3.2281291992e-01   3.0517578125e-05   0.000000e+00   0.000000e+00
  3.2281291992e-01   1.6413085937e-04   0.000000e+00   0.000000e+00
  3.2281291992e-01   5.7665039063e-04   0.000000e+00   0.000000e+00
  3.2281291992e-01   1.5727636719e-03   0.000000e+00   0.000000e+00
  3.2281291992e-01   3.6259082031e-03   0.000000e+00   0.000000e+00
  3.2281291992e-01   7.4157714844e-03   0.000000e+00   0.000000e+00
  3.2281291992e-01   1.3865791016e-02   0.000000e+00   0.000000e+00
  3.2281291992e-01   2.4180654297e-02   0.000000e+00   0.000000e+00
  3.2281291992e-01   3.9883798828e-02   0.000000e+00   0.000000e+00
  3.2281291992e-01   6.2854912109e-02   0.000000e+00   0.000000e+00
  3.2281291992e-01   9.5367431641e-02   0.000000e+00   0.000000e+00
  3.2281291992e-01   1.4012604492e-01   0.000000e+00   0.000000e+00
  3.2281291992e-01   2.0030418945e-01   0.000000e+00   0.000000e+00
  3.2281291992e-01   2.7958155273e-01   0.000000e+00   0.000000e+00
  3.2281291992e-01   3.8218157227e-01   0.000000e+00   0.000000e+00
  3.2281291992e-01   5.1290893555e-01   0.000000e+00   0.000000e+00
  3.2281291992e-01   6.7718708008e-01   0.000000e+00   0.000000e+00
  3.2281291992e-01   8.8109569336e-01   0.000000e+00   0.000000e+00
  1.1890430664e-01   9.7656250000e-09   0.000000e+00   0.000000e+00
  1.1890430664e-01   2.3730468750e-06   0.000000e+00   0.000000e+00
  1.1890430664e-01   3.0517578125e-05   0.000000e+00   0.000000e+00
  1.1890430664e-01   1.6413085937e-04   0.000000e+00   0.000000e+00
  1.1890430664e-01   5.7665039063e-04   0.000000e+00   0.000000e+00
  1.1890430664e-01   1.5727636719e-03   0.000000e+00   0.000000e+00
  1.1890430664e-01   3.6259082031e-03   0.000000e+00   0.000000e+00
  1.1890430664e-01   7.4157714844e-03   0.000000e+00   0.000000e+00
  1.1890430664e-01   1.3865791016e-02   0.000000e+00   0.000000e+00
  1.1890430664e-01   2.4180654297e-02   0.000000e+00   0.000000e+00
  1.1890430664e-01   3.9883798828e-02   0.000000e+00   0.000000e+00
  1.1890430664e-01   6.2854912109e-02   0.000000e+00   0.000000e+00
  1.1890430664e-01   9.5367431641e-02   0.000000e+00   0.000000e+00
  1.1890430664e-01   1.4012604492e-01   0.000000e+00   0.000000e+00
  1.1890430664e-01   2.0030418945e-01   0.000000e+00   0.000000e+00
  1.1890430664e-01   2.7958155273e-01   0.000000e+00   0.000000e+00
  1.1890430664e-01   3.8218157227e-01   0.000000e+00   0.000000e+00
  1.1890430664e-01   5.1290893555e-01   0.000000e+00   0.000000e+00
  1.1890430664e-01   6.7718708008e-01   0.000000e+00   0.000000e+00
  1.1890430664e-01   8.8109569336e-01   0.000000e+00   0.000000e+00
  9.9999999023e-01   0.000000e+00   0.000000e+00   0.000000e+00   0.000000e+00
  9.9999762695e-01   0.000000e+00   0.000000e+00   0.000000e+00   0.000000e+00
  9.9996948242e-01   0.000000e+00   0.000000e+00   0.000000e+00   0.000000e+00
  9.9983586914e-01   0.000000e+00   0.000000e+00   0.000000e+00   0.000000e+00
  9.9942334961e-01   0.000000e+00   0.000000e+00   0.000000e+00   0.000000e+00
  9.9842723633e-01   0.000000e+00   0.000000e+00   0.000000e+00   0.000000e+00
  9.9637409180e-01   0.000000e+00   0.000000e+00   0.000000e+00   0.000000e+00
  9.9258422852e-01   0.000000e+00   0.000000e+00   0.000000e+00   0.000000e+00
  9.8613420898e-01   0.000000e+00   0.000000e+00   0.000000e+00   0.000000e+00
  9.7581934570e-01   0.000000e+00   0.000000e+00   0.000000e+00   0.000000e+00
  9.6011620117e-01   0.000000e+00   0.000000e+00   0.000000e+00   0.000000e+00
  9.3714508789e-01   0.000000e+00   0.000000e+00   0.000000e+00   0.000000e+00
  9.0463256836e-01   0.000000e+00   0.000000e+00   0.000000e+00   0.000000e+00
  8.5987395508e-01   0.000000e+00   0.000000e+00   0.000000e+00   0.000000e+00
  7.9969581055e-01   0.000000e+00   0.000000e+00   0.000000e+00   0.000000e+00
  7.2041844727e-01   0.000000e+00   0.000000e+00   0.000000e+00   0.000000e+00
  6.1781842773e-01   0.000000e+00   0.000000e+00   0.000000e+00   0.000000e+00
  4.8709106445e-01   0.000000e+00   0.000000e+00   0.000000e+00   0.000000e+00
  3.2281291992e-01   0.000000e+00   0.000000e+00   0.000000e+00   0.000000e+00
  1.1890430664e-01   0.000000e+00   0.000000e+00   0.000000e+00   0.000000e+00
  9.7656250000e-09   0.000000e+00   0.000000e+00   9.377365e+31   8.869346e+28
  2.3730468750e-06   0.000000e+00   0.000000e+00   2.061425e+32   1.315028e+29
  3.0517578125e-05   0.000000e+00   0.000000e+00   2.869069e+32   1.551393e+29
  1.6413085937e-04   0.000000e+00   0.000000e+00   3.570464e+32   1.730667e+29
  5.7665039063e-04   0.000000e+00   0.000000e+00   4.064255e+32   1.846467e+29
  1.5727636719e-03   0.000000e+00   0.000000e+00   4.480506e+32   1.938718e+29
  3.6259082031e-03   0.000000e+00   0.000000e+00   4.681383e+32   1.981702e+29
  7.4157714844e-03   0.000000e+00   0.000000e+00   4.560736e+32   1.955999e+29
  1.3865791016e-02   0.000000e+00   0.000000e+00   4.256168e+32   1.889559e+29
  2.4180654297e-02   0.000000e+00   0.000000e+00   3.594004e+32   1.736363e+29
  3.9883798828e-02   0.000000e+00   0.000000e+00   2.760778e+32   1.521833e+29
  6.2854912109e-02   0.000000e+00   0.000000e+00   1.860288e+32   1.249227e+29
  9.5367431641e-02   0.000000e+00   0.000000e+00   1.009094e+32   9.200617e+28
  1.4012604492e-01   0.000000e+00   0.000000e+00   4.491138e+31   6.138035e+28
  2.0030418945e-01   0.000000e+00   0.000000e+00   1.312570e+31   3.318275e+28
  2.7958155273e-01   0.000000e+00   0.000000e+00   2.433521e+30   1.428791e+28
  3.8218157227e-01   0.000000e+00   0.000000e+00   2.721343e+29   4.777963e+27
  5.1290893555e-01   0.000000e+00   0.000000e+00   0.000000e+00   0.000000e+00
  6.7718708008e-01   0.000000e+00   0.000000e+00   0.000000e+00   0.000000e+00
  8.8109569336e-01   0.000000e+00   0.000000e+00   0.000000e+00   0.000000e+00
  0.000000e+00   0.000000e+00   0.000000e+00   0.000000e+00
  0.000000e+00   0.000000e+00   0.000000e+00   0.000000e+00
