  5.000000e+00
  9.9999999023e-01   9.9999999023e-01   2.443047e+29   6.054866e+27
  9.9999999023e-01   9.9999762695e-01   9.457052e+29   1.191287e+28
  9.9999999023e-01   9.9996948242e-01   1.425761e+30   1.462723e+28
  9.9999999023e-01   9.9983586914e-01   1.854945e+30   1.668415e+28
  9.9999999023e-01   9.9942334961e-01   2.184186e+30   1.810437e+28
  9.9999999023e-01   9.9842723633e-01   2.683150e+30   2.006601e+28
  9.9999999023e-01   9.9637409180e-01   2.948313e+30   2.103417e+28
  9.9999999023e-01   9.9258422852e-01   3.181813e+30   2.185124e+28
  9.9999999023e-01   9.8613420898e-01   3.155402e+30   2.176036e+28
  9.9999999023e-01   9.7581934570e-01   2.899842e+30   2.086056e+28
  9.9999999023e-01   9.6011620117e-01   2.325546e+30   1.868105e+28
  9.9999999023e-01   9.3714508789e-01   1.610040e+30   1.554379e+28
  9.9999999023e-01   9.0463256836e-01   8.537157e+29   1.131867e+28
  9.9999999023e-01   8.5987395508e-01   3.422966e+29   7.167043e+27
  9.9999999023e-01   7.9969581055e-01   9.093896e+28   3.694143e+27
  9.9999999023e-01   7.2041844727e-01   9.604115e+27   1.200514e+27
  9.9999999023e-01   6.1781842773e-01   7.503215e+26   3.355540e+26
  9.9999999023e-01   4.8709106445e-01   0.000000e+00   0.000000e+00
  9.9999999023e-01   3.2281291992e-01   0.000000e+00   0.000000e+00
  9.9999999023e-01   1.1890430664e-01   0.000000e+00   0.000000e+00
  9.9999762695e-01   9.9999999023e-01   9.959767e+29   1.222541e+28
  9.9999762695e-01   9.9999762695e-01   3.518858e+30   2.297944e+28
  9.9999762695e-01   9.9996948242e-01   5.386258e+30   2.843035e+28
  9.9999762695e-01   9.9983586914e-01   7.026910e+30   3.247289e+28
  9.9999762695e-01   9.9942334961e-01   8.475181e+30   3.566261e+28
  9.9999762695e-01   9.9842723633e-01   1.021082e+31   3.914435e+28
  9.9999762695e-01   9.9637409180e-01   1.143025e+31   4.141584e+28
  9.9999762695e-01   9.9258422852e-01   1.242442e+31   4.317942e+28
  9.9999762695e-01   9.8613420898e-01   1.234984e+31   4.304962e+28
  9.9999762695e-01   9.7581934570e-01   1.158016e+31   4.168655e+28
  9.9999762695e-01   9.6011620117e-01   9.112054e+30   3.697829e+28
  9.9999762695e-01   9.3714508789e-01   6.324309e+30   3.080670e+28
  9.9999762695e-01   9.0463256836e-01   3.349585e+30   2.241993e+28
  9.9999762695e-01   8.5987395508e-01   1.365135e+30   1.431286e+28
  9.9999762695e-01   7.9969581055e-01   3.631556e+29   7.382187e+27
  9.9999762695e-01   7.2041844727e-01   4.216807e+28   2.515536e+27
  9.9999762695e-01   6.1781842773e-01   2.701157e+27   6.366689e+26
  9.9999762695e-01   4.8709106445e-01   0.000000e+00   0.000000e+00
  9.9999762695e-01   3.2281291992e-01   0.000000e+00   0.000000e+00
  9.9999762695e-01   1.1890430664e-01   0.000000e+00   0.000000e+00
  9.9996948242e-01   9.9999999023e-01   1.462226e+30   1.481310e+28
  9.9996948242e-01   9.9999762695e-01   5.296069e+30   2.819133e+28
  9.9996948242e-01   9.9996948242e-01   8.032191e+30   3.471808e+28
  9.9996948242e-01   9.9983586914e-01   1.040516e+31   3.951509e+28
  9.9996948242e-01   9.9942334961e-01   1.259264e+31   4.347075e+28
  9.9996948242e-01   9.9842723633e-01   1.533522e+31   4.797154e+28
  9.9996948242e-01   9.9637409180e-01   1.716450e+31   5.075213e+28
  9.9996948242e-01   9.9258422852e-01   1.856400e+31   5.278062e+28
  9.9996948242e-01   9.8613420898e-01   1.841829e+31   5.257307e+28
  9.9996948242e-01   9.7581934570e-01   1.727975e+31   5.092223e+28
  9.9996948242e-01   9.6011620117e-01   1.377245e+31   4.546156e+28
  9.9996948242e-01   9.3714508789e-01   9.614619e+30   3.798435e+28
  9.9996948242e-01   9.0463256836e-01   5.186672e+30   2.789864e+28
  9.9996948242e-01   8.5987395508e-01   2.083042e+30   1.768022e+28
  9.9996948242e-01   7.9969581055e-01   5.558381e+29   9.132987e+27
  9.9996948242e-01   7.2041844727e-01   6.647848e+28   3.158488e+27
  9.9996948242e-01   6.1781842773e-01   4.201800e+27   7.940656e+26
  9.9996948242e-01   4.8709106445e-01   0.000000e+00   0.000000e+00
  9.9996948242e-01   3.2281291992e-01   0.000000e+00   0.000000e+00
  9.9996948242e-01   1.1890430664e-01   0.000000e+00   0.000000e+00
  9.9983586914e-01   9.9999999023e-01   1.968243e+30   1.718613e+28
  9.9983586914e-01   9.9999762695e-01   6.936572e+30   3.226347e+28
  9.9983586914e-01   9.9996948242e-01   1.063040e+31   3.994051e+28
  9.9983586914e-01   9.9983586914e-01   1.383788e+31   4.556941e+28
  9.9983586914e-01   9.9942334961e-01   1.656830e+31   4.986291e+28
  9.9983586914e-01   9.9842723633e-01   2.022206e+31   5.508729e+28
  9.9983586914e-01   9.9637409180e-01   2.273519e+31   5.841010e+28
  9.9983586914e-01   9.9258422852e-01   2.450325e+31   6.063879e+28
  9.9983586914e-01   9.8613420898e-01   2.436954e+31   6.047312e+28
  9.9983586914e-01   9.7581934570e-01   2.281562e+31   5.851334e+28
  9.9983586914e-01   9.6011620117e-01   1.812161e+31   5.214793e+28
  9.9983586914e-01   9.3714508789e-01   1.261020e+31   4.350105e+28
  9.9983586914e-01   9.0463256836e-01   6.855537e+30   3.207447e+28
  9.9983586914e-01   8.5987395508e-01   2.789245e+30   2.045889e+28
  9.9983586914e-01   7.9969581055e-01   7.212090e+29   1.040325e+28
  9.9983586914e-01   7.2041844727e-01   9.694153e+28   3.814114e+27
  9.9983586914e-01   6.1781842773e-01   6.002572e+27   9.490899e+26
  9.9983586914e-01   4.8709106445e-01   0.000000e+00   0.000000e+00
  9.9983586914e-01   3.2281291992e-01   0.000000e+00   0.000000e+00
  9.9983586914e-01   1.1890430664e-01   0.000000e+00   0.000000e+00
  9.9942334961e-01   9.9999999023e-01   2.429241e+30   1.909299e+28
  9.9942334961e-01   9.9999762695e-01   8.750849e+30   3.623796e+28
  9.9942334961e-01   9.9996948242e-01   1.318870e+31   4.448767e+28
  9.9942334961e-01   9.9983586914e-01   1.725904e+31   5.089171e+28
  9.9942334961e-01   9.9942334961e-01   2.087799e+31   5.597358e+28
  9.9942334961e-01   9.9842723633e-01   2.529499e+31   6.161067e+28
  9.9942334961e-01   9.9637409180e-01   2.848415e+31   6.537931e+28
  9.9942334961e-01   9.9258422852e-01   3.091655e+31   6.811365e+28
  9.9942334961e-01   9.8613420898e-01   3.086327e+31   6.805494e+28
  9.9942334961e-01   9.7581934570e-01   2.884971e+31   6.579750e+28
  9.9942334961e-01   9.6011620117e-01   2.330048e+31   5.913181e+28
  9.9942334961e-01   9.3714508789e-01   1.627747e+31   4.942335e+28
  9.9942334961e-01   9.0463256836e-01   8.869400e+30   3.648260e+28
  9.9942334961e-01   8.5987395508e-01   3.635758e+30   2.335803e+28
  9.9942334961e-01   7.9969581055e-01   9.700156e+29   1.206502e+28
  9.9942334961e-01   7.2041844727e-01   1.221523e+29   4.281437e+27
  9.9942334961e-01   6.1781842773e-01   8.253536e+27   1.112907e+27
  9.9942334961e-01   4.8709106445e-01   0.000000e+00   0.000000e+00
  9.9942334961e-01   3.2281291992e-01   0.000000e+00   0.000000e+00
  9.9942334961e-01   1.1890430664e-01   0.000000e+00   0.000000e+00
  9.9842723633e-01   9.9999999023e-01   2.841017e+30   2.064789e+28
  9.9842723633e-01   9.9999762695e-01   1.008762e+31   3.890748e+28
  9.9842723633e-01   9.9996948242e-01   1.537574e+31   4.803487e+28
  9.9842723633e-01   9.9983586914e-01   2.026558e+31   5.514653e+28
  9.9842723633e-01   9.9942334961e-01   2.444997e+31   6.057283e+28
  9.9842723633e-01   9.9842723633e-01   2.964265e+31   6.669560e+28
  9.9842723633e-01   9.9637409180e-01   3.367308e+31   7.108535e+28
  9.9842723633e-01   9.9258422852e-01   3.662454e+31   7.413525e+28
  9.9842723633e-01   9.8613420898e-01   3.676665e+31   7.427894e+28
  9.9842723633e-01   9.7581934570e-01   3.466410e+31   7.212381e+28
  9.9842723633e-01   9.6011620117e-01   2.810344e+31   6.494092e+28
  9.9842723633e-01   9.3714508789e-01   1.992449e+31   5.468047e+28
  9.9842723633e-01   9.0463256836e-01   1.083824e+31   4.032906e+28
  9.9842723633e-01   8.5987395508e-01   4.447906e+30   2.583548e+28
  9.9842723633e-01   7.9969581055e-01   1.164199e+30   1.321759e+28
  9.9842723633e-01   7.2041844727e-01   1.473631e+29   4.702547e+27
  9.9842723633e-01   6.1781842773e-01   7.353150e+27   1.050450e+27
  9.9842723633e-01   4.8709106445e-01   0.000000e+00   0.000000e+00
  9.9842723633e-01   3.2281291992e-01   0.000000e+00   0.000000e+00
  9.9842723633e-01   1.1890430664e-01   0.000000e+00   0.000000e+00
  9.9637409180e-01   9.9999999023e-01   3.265399e+30   2.213639e+28
  9.9637409180e-01   9.9999762695e-01   1.171252e+31   4.192411e+28
  9.9637409180e-01   9.9996948242e-01   1.767097e+31   5.149545e+28
  9.9637409180e-01   9.9983586914e-01   2.334775e+31   5.919176e+28
  9.9637409180e-01   9.9942334961e-01   2.815281e+31   6.499794e+28
  9.9637409180e-01   9.9842723633e-01   3.450578e+31   7.195892e+28
  9.9637409180e-01   9.9637409180e-01   3.923041e+31   7.672733e+28
  9.9637409180e-01   9.9258422852e-01   4.294585e+31   8.027850e+28
  9.9637409180e-01   9.8613420898e-01   4.307731e+31   8.040128e+28
  9.9637409180e-01   9.7581934570e-01   4.084780e+31   7.829301e+28
  9.9637409180e-01   9.6011620117e-01   3.327436e+31   7.066323e+28
  9.9637409180e-01   9.3714508789e-01   2.360946e+31   5.952258e+28
  9.9637409180e-01   9.0463256836e-01   1.305454e+31   4.426083e+28
  9.9637409180e-01   8.5987395508e-01   5.387008e+30   2.843233e+28
  9.9637409180e-01   7.9969581055e-01   1.444369e+30   1.472237e+28
  9.9637409180e-01   7.2041844727e-01   1.782764e+29   5.172322e+27
  9.9637409180e-01   6.1781842773e-01   1.005431e+28   1.228329e+27
  9.9637409180e-01   4.8709106445e-01   0.000000e+00   0.000000e+00
  9.9637409180e-01   3.2281291992e-01   0.000000e+00   0.000000e+00
  9.9637409180e-01   1.1890430664e-01   0.000000e+00   0.000000e+00
  9.9258422852e-01   9.9999999023e-01   3.464084e+30   2.279990e+28
  9.9258422852e-01   9.9999762695e-01   1.218627e+31   4.276358e+28
  9.9258422852e-01   9.9996948242e-01   1.855950e+31   5.277422e+28
  9.9258422852e-01   9.9983586914e-01   2.460994e+31   6.077066e+28
  9.9258422852e-01   9.9942334961e-01   2.992882e+31   6.701677e+28
  9.9258422852e-01   9.9842723633e-01   3.652355e+31   7.403297e+28
  9.9258422852e-01   9.9637409180e-01   4.185053e+31   7.924815e+28
  9.9258422852e-01   9.9258422852e-01   4.604843e+31   8.312776e+28
  9.9258422852e-01   9.8613420898e-01   4.671231e+31   8.372485e+28
  9.9258422852e-01   9.7581934570e-01   4.456984e+31   8.178228e+28
  9.9258422852e-01   9.6011620117e-01   3.649038e+31   7.399935e+28
  9.9258422852e-01   9.3714508789e-01   2.612919e+31   6.261836e+28
  9.9258422852e-01   9.0463256836e-01   1.447910e+31   4.661326e+28
  9.9258422852e-01   8.5987395508e-01   5.999720e+30   3.000573e+28
  9.9258422852e-01   7.9969581055e-01   1.627597e+30   1.562832e+28
  9.9258422852e-01   7.2041844727e-01   2.109904e+29   5.626911e+27
  9.9258422852e-01   6.1781842773e-01   1.035444e+28   1.246528e+27
  9.9258422852e-01   4.8709106445e-01   0.000000e+00   0.000000e+00
  9.9258422852e-01   3.2281291992e-01   0.000000e+00   0.000000e+00
  9.9258422852e-01   1.1890430664e-01   0.000000e+00   0.000000e+00
  9.8613420898e-01   9.9999999023e-01   3.423417e+30   2.266567e+28
  9.8613420898e-01   9.9999762695e-01   1.193611e+31   4.232239e+28
  9.8613420898e-01   9.9996948242e-01   1.826838e+31   5.235868e+28
  9.8613420898e-01   9.9983586914e-01   2.443482e+31   6.055406e+28
  9.8613420898e-01   9.9942334961e-01   2.976540e+31   6.683355e+28
  9.8613420898e-01   9.9842723633e-01   3.648003e+31   7.398885e+28
  9.8613420898e-01   9.9637409180e-01   4.174834e+31   7.915134e+28
  9.8613420898e-01   9.9258422852e-01   4.643229e+31   8.347352e+28
  9.8613420898e-01   9.8613420898e-01   4.684632e+31   8.384486e+28
  9.8613420898e-01   9.7581934570e-01   4.530516e+31   8.245415e+28
  9.8613420898e-01   9.6011620117e-01   3.699895e+31   7.451323e+28
  9.8613420898e-01   9.3714508789e-01   2.675391e+31   6.336250e+28
  9.8613420898e-01   9.0463256836e-01   1.491069e+31   4.730287e+28
  9.8613420898e-01   8.5987395508e-01   6.222116e+30   3.055679e+28
  9.8613420898e-01   7.9969581055e-01   1.665864e+30   1.581097e+28
  9.8613420898e-01   7.2041844727e-01   2.048378e+29   5.544261e+27
  9.8613420898e-01   6.1781842773e-01   1.110476e+28   1.290902e+27
  9.8613420898e-01   4.8709106445e-01   0.000000e+00   0.000000e+00
  9.8613420898e-01   3.2281291992e-01   0.000000e+00   0.000000e+00
  9.8613420898e-01   1.1890430664e-01   0.000000e+00   0.000000e+00
  9.7581934570e-01   9.9999999023e-01   3.144747e+30   2.172359e+28
  9.7581934570e-01   9.9999762695e-01   1.098771e+31   4.060619e+28
  9.7581934570e-01   9.9996948242e-01   1.676233e+31   5.015404e+28
  9.7581934570e-01   9.9983586914e-01   2.237849e+31   5.795008e+28
  9.7581934570e-01   9.9942334961e-01   2.733061e+31   6.404177e+28
  9.7581934570e-01   9.9842723633e-01   3.386711e+31   7.128986e+28
  9.7581934570e-01   9.9637409180e-01   3.924616e+31   7.674274e+28
  9.7581934570e-01   9.9258422852e-01   4.374869e+31   8.102541e+28
  9.7581934570e-01   9.8613420898e-01   4.453818e+31   8.175323e+28
  9.7581934570e-01   9.7581934570e-01   4.344436e+31   8.074310e+28
  9.7581934570e-01   9.6011620117e-01   3.565197e+31   7.314430e+28
  9.7581934570e-01   9.3714508789e-01   2.607427e+31   6.255251e+28
  9.7581934570e-01   9.0463256836e-01   1.465543e+31   4.689623e+28
  9.7581934570e-01   8.5987395508e-01   6.233971e+30   3.058589e+28
  9.7581934570e-01   7.9969581055e-01   1.639452e+30   1.568513e+28
  9.7581934570e-01   7.2041844727e-01   2.070887e+29   5.574641e+27
  9.7581934570e-01   6.1781842773e-01   9.303986e+27   1.181607e+27
  9.7581934570e-01   4.8709106445e-01   0.000000e+00   0.000000e+00
  9.7581934570e-01   3.2281291992e-01   0.000000e+00   0.000000e+00
  9.7581934570e-01   1.1890430664e-01   0.000000e+00   0.000000e+00
  9.6011620117e-01   9.9999999023e-01   2.523031e+30   1.945808e+28
  9.6011620117e-01   9.9999762695e-01   8.882605e+30   3.650975e+28
  9.6011620117e-01   9.9996948242e-01   1.355936e+31   4.510849e+28
  9.6011620117e-01   9.9983586914e-01   1.822186e+31   5.229197e+28
  9.6011620117e-01   9.9942334961e-01   2.239049e+31   5.796562e+28
  9.6011620117e-01   9.9842723633e-01   2.785538e+31   6.465368e+28
  9.6011620117e-01   9.9637409180e-01   3.239798e+31   6.972646e+28
  9.6011620117e-01   9.9258422852e-01   3.626499e+31   7.377045e+28
  9.6011620117e-01   9.8613420898e-01   3.735370e+31   7.486960e+28
  9.6011620117e-01   9.7581934570e-01   3.644581e+31   7.395414e+28
  9.6011620117e-01   9.6011620117e-01   3.039702e+31   6.753893e+28
  9.6011620117e-01   9.3714508789e-01   2.244467e+31   5.803570e+28
  9.6011620117e-01   9.0463256836e-01   1.270894e+31   4.367103e+28
  9.6011620117e-01   8.5987395508e-01   5.412519e+30   2.849958e+28
  9.6011620117e-01   7.9969581055e-01   1.476633e+30   1.488589e+28
  9.6011620117e-01   7.2041844727e-01   1.908818e+29   5.352059e+27
  9.6011620117e-01   6.1781842773e-01   8.103472e+27   1.102743e+27
  9.6011620117e-01   4.8709106445e-01   0.000000e+00   0.000000e+00
  9.6011620117e-01   3.2281291992e-01   0.000000e+00   0.000000e+00
  9.6011620117e-01   1.1890430664e-01   0.000000e+00   0.000000e+00
  9.3714508789e-01   9.9999999023e-01   1.705631e+30   1.599857e+28
  9.3714508789e-01   9.9999762695e-01   6.008424e+30   3.002749e+28
  9.3714508789e-01   9.9996948242e-01   9.071536e+30   3.689598e+28
  9.3714508789e-01   9.9983586914e-01   1.223999e+31   4.285774e+28
  9.3714508789e-01   9.9942334961e-01   1.517270e+31   4.771667e+28
  9.3714508789e-01   9.9842723633e-01   1.876014e+31   5.305871e+28
  9.3714508789e-01   9.9637409180e-01   2.219526e+31   5.771235e+28
  9.3714508789e-01   9.9258422852e-01   2.495239e+31   6.119202e+28
  9.3714508789e-01   9.8613420898e-01   2.591985e+31   6.236702e+28
  9.3714508789e-01   9.7581934570e-01   2.559211e+31   6.197146e+28
  9.3714508789e-01   9.6011620117e-01   2.164978e+31   5.699876e+28
  9.3714508789e-01   9.3714508789e-01   1.625076e+31   4.938278e+28
  9.3714508789e-01   9.0463256836e-01   9.314941e+30   3.738770e+28
  9.3714508789e-01   8.5987395508e-01   3.967250e+30   2.439964e+28
  9.3714508789e-01   7.9969581055e-01   1.113027e+30   1.292384e+28
  9.3714508789e-01   7.2041844727e-01   1.487137e+29   4.724047e+27
  9.3714508789e-01   6.1781842773e-01   9.153922e+27   1.172040e+27
  9.3714508789e-01   4.8709106445e-01   0.000000e+00   0.000000e+00
  9.3714508789e-01   3.2281291992e-01   0.000000e+00   0.000000e+00
  9.3714508789e-01   1.1890430664e-01   0.000000e+00   0.000000e+00
  9.0463256836e-01   9.9999999023e-01   9.826210e+29   1.214316e+28
  9.0463256836e-01   9.9999762695e-01   3.357839e+30   2.244753e+28
  9.0463256836e-01   9.9996948242e-01   5.147055e+30   2.779189e+28
  9.0463256836e-01   9.9983586914e-01   6.858838e+30   3.208219e+28
  9.0463256836e-01   9.9942334961e-01   8.694725e+30   3.612157e+28
  9.0463256836e-01   9.9842723633e-01   1.098005e+31   4.059204e+28
  9.0463256836e-01   9.9637409180e-01   1.292399e+31   4.403895e+28
  9.0463256836e-01   9.9258422852e-01   1.467539e+31   4.692815e+28
  9.0463256836e-01   9.8613420898e-01   1.546533e+31   4.817461e+28
  9.0463256836e-01   9.7581934570e-01   1.544477e+31   4.814258e+28
  9.0463256836e-01   9.6011620117e-01   1.315178e+31   4.442537e+28
  9.0463256836e-01   9.3714508789e-01   9.979876e+30   3.869913e+28
  9.0463256836e-01   9.0463256836e-01   5.875467e+30   2.969340e+28
  9.0463256836e-01   8.5987395508e-01   2.563998e+30   1.961542e+28
  9.0463256836e-01   7.9969581055e-01   7.317135e+29   1.047874e+28
  9.0463256836e-01   7.2041844727e-01   9.934256e+28   3.861058e+27
  9.0463256836e-01   6.1781842773e-01   6.152636e+27   9.608803e+26
  9.0463256836e-01   4.8709106445e-01   0.000000e+00   0.000000e+00
  9.0463256836e-01   3.2281291992e-01   0.000000e+00   0.000000e+00
  9.0463256836e-01   1.1890430664e-01   0.000000e+00   0.000000e+00
  8.5987395508e-01   9.9999999023e-01   3.798127e+29   7.549591e+27
  8.5987395508e-01   9.9999762695e-01   1.384343e+30   1.441320e+28
  8.5987395508e-01   9.9996948242e-01   2.107803e+30   1.778499e+28
  8.5987395508e-01   9.9983586914e-01   2.844769e+30   2.066152e+28
  8.5987395508e-01   9.9942334961e-01   3.638759e+30   2.336767e+28
  8.5987395508e-01   9.9842723633e-01   4.514234e+30   2.602740e+28
  8.5987395508e-01   9.9637409180e-01   5.440431e+30   2.857297e+28
  8.5987395508e-01   9.9258422852e-01   6.129376e+30   3.032821e+28
  8.5987395508e-01   9.8613420898e-01   6.350871e+30   3.087133e+28
  8.5987395508e-01   9.7581934570e-01   6.325060e+30   3.080853e+28
  8.5987395508e-01   9.6011620117e-01   5.532720e+30   2.881430e+28
  8.5987395508e-01   9.3714508789e-01   4.289588e+30   2.537152e+28
  8.5987395508e-01   9.0463256836e-01   2.606317e+30   1.977663e+28
  8.5987395508e-01   8.5987395508e-01   1.188059e+30   1.335235e+28
  8.5987395508e-01   7.9969581055e-01   3.667571e+29   7.418703e+27
  8.5987395508e-01   7.2041844727e-01   5.537372e+28   2.882641e+27
  8.5987395508e-01   6.1781842773e-01   9.003857e+26   3.675809e+26
  8.5987395508e-01   4.8709106445e-01   0.000000e+00   0.000000e+00
  8.5987395508e-01   3.2281291992e-01   0.000000e+00   0.000000e+00
  8.5987395508e-01   1.1890430664e-01   0.000000e+00   0.000000e+00
  7.9969581055e-01   9.9999999023e-01   1.063956e+29   3.995770e+27
  7.9969581055e-01   9.9999762695e-01   3.720094e+29   7.471635e+27
  7.9969581055e-01   9.9996948242e-01   5.696440e+29   9.245714e+27
  7.9969581055e-01   9.9983586914e-01   7.630769e+29   1.070096e+28
  7.9969581055e-01   9.9942334961e-01   9.842717e+29   1.215335e+28
  7.9969581055e-01   9.9842723633e-01   1.249735e+30   1.369455e+28
  7.9969581055e-01   9.9637409180e-01   1.532757e+30   1.516615e+28
  7.9969581055e-01   9.9258422852e-01   1.743747e+30   1.617635e+28
  7.9969581055e-01   9.8613420898e-01   1.839038e+30   1.661246e+28
  7.9969581055e-01   9.7581934570e-01   1.864249e+30   1.672594e+28
  7.9969581055e-01   9.6011620117e-01   1.634650e+30   1.566214e+28
  7.9969581055e-01   9.3714508789e-01   1.274496e+30   1.382955e+28
  7.9969581055e-01   9.0463256836e-01   7.773330e+29   1.080046e+28
  7.9969581055e-01   8.5987395508e-01   3.660068e+29   7.411110e+27
  7.9969581055e-01   7.9969581055e-01   1.155495e+29   4.164115e+27
  7.9969581055e-01   7.2041844727e-01   1.515649e+28   1.508127e+27
  7.9969581055e-01   6.1781842773e-01   1.500643e+26   1.500643e+26
  7.9969581055e-01   4.8709106445e-01   0.000000e+00   0.000000e+00
  7.9969581055e-01   3.2281291992e-01   0.000000e+00   0.000000e+00
  7.9969581055e-01   1.1890430664e-01   0.000000e+00   0.000000e+00
  7.2041844727e-01   9.9999999023e-01   1.080463e+28   1.273338e+27
  7.2041844727e-01   9.9999762695e-01   4.381877e+28   2.564300e+27
  7.2041844727e-01   9.9996948242e-01   6.212662e+28   3.053357e+27
  7.2041844727e-01   9.9983586914e-01   8.313562e+28   3.532094e+27
  7.2041844727e-01   9.9942334961e-01   1.060955e+29   3.990130e+27
  7.2041844727e-01   9.9842723633e-01   1.359582e+29   4.516910e+27
  7.2041844727e-01   9.9637409180e-01   1.679219e+29   5.019869e+27
  7.2041844727e-01   9.9258422852e-01   1.863798e+29   5.288569e+27
  7.2041844727e-01   9.8613420898e-01   1.983850e+29   5.456235e+27
  7.2041844727e-01   9.7581934570e-01   1.959840e+29   5.423117e+27
  7.2041844727e-01   9.6011620117e-01   1.764756e+29   5.146133e+27
  7.2041844727e-01   9.3714508789e-01   1.472131e+29   4.700152e+27
  7.2041844727e-01   9.0463256836e-01   9.108902e+28   3.697189e+27
  7.2041844727e-01   8.5987395508e-01   4.546948e+28   2.612153e+27
  7.2041844727e-01   7.9969581055e-01   1.515649e+28   1.508127e+27
  7.2041844727e-01   7.2041844727e-01   2.250964e+27   5.811965e+26
  7.2041844727e-01   6.1781842773e-01   0.000000e+00   0.000000e+00
  7.2041844727e-01   4.8709106445e-01   0.000000e+00   0.000000e+00
  7.2041844727e-01   3.2281291992e-01   0.000000e+00   0.000000e+00
  7.2041844727e-01   1.1890430664e-01   0.000000e+00   0.000000e+00
  6.1781842773e-01   9.9999999023e-01   3.001286e+26   2.122230e+26
  6.1781842773e-01   9.9999762695e-01   1.650707e+27   4.977069e+26
  6.1781842773e-01   9.9996948242e-01   3.751607e+27   7.503215e+26
  6.1781842773e-01   9.9983586914e-01   5.102186e+27   8.750177e+26
  6.1781842773e-01   9.9942334961e-01   4.952122e+27   8.620537e+26
  6.1781842773e-01   9.9842723633e-01   6.902957e+27   1.017786e+27
  6.1781842773e-01   9.9637409180e-01   9.153922e+27   1.172040e+27
  6.1781842773e-01   9.9258422852e-01   1.005431e+28   1.228329e+27
  6.1781842773e-01   9.8613420898e-01   8.403600e+27   1.122978e+27
  6.1781842773e-01   9.7581934570e-01   6.752893e+27   1.006662e+27
  6.1781842773e-01   9.6011620117e-01   6.602829e+27   9.954139e+26
  6.1781842773e-01   9.3714508789e-01   4.802057e+27   8.488918e+26
  6.1781842773e-01   9.0463256836e-01   3.151350e+27   6.876810e+26
  6.1781842773e-01   8.5987395508e-01   1.200514e+27   4.244459e+26
  6.1781842773e-01   7.9969581055e-01   1.200514e+27   4.244459e+26
  6.1781842773e-01   7.2041844727e-01   0.000000e+00   0.000000e+00
  6.1781842773e-01   6.1781842773e-01   0.000000e+00   0.000000e+00
  6.1781842773e-01   4.8709106445e-01   0.000000e+00   0.000000e+00
  6.1781842773e-01   3.2281291992e-01   0.000000e+00   0.000000e+00
  6.1781842773e-01   1.1890430664e-01   0.000000e+00   0.000000e+00
  4.8709106445e-01   9.9999999023e-01   0.000000e+00   0.000000e+00
  4.8709106445e-01   9.9999762695e-01   0.000000e+00   0.000000e+00
  4.8709106445e-01   9.9996948242e-01   0.000000e+00   0.000000e+00
  4.8709106445e-01   9.9983586914e-01   1.500643e+26   1.500643e+26
  4.8709106445e-01   9.9942334961e-01   0.000000e+00   0.000000e+00
  4.8709106445e-01   9.9842723633e-01   1.500643e+26   1.500643e+26
  4.8709106445e-01   9.9637409180e-01   1.500643e+26   1.500643e+26
  4.8709106445e-01   9.9258422852e-01   0.000000e+00   0.000000e+00
  4.8709106445e-01   9.8613420898e-01   1.500643e+26   1.500643e+26
  4.8709106445e-01   9.7581934570e-01   3.001286e+26   2.122230e+26
  4.8709106445e-01   9.6011620117e-01   1.500643e+26   1.500643e+26
  4.8709106445e-01   9.3714508789e-01   6.002572e+26   3.001286e+26
  4.8709106445e-01   9.0463256836e-01   3.001286e+26   2.122230e+26
  4.8709106445e-01   8.5987395508e-01   0.000000e+00   0.000000e+00
  4.8709106445e-01   7.9969581055e-01   0.000000e+00   0.000000e+00
  4.8709106445e-01   7.2041844727e-01   0.000000e+00   0.000000e+00
  4.8709106445e-01   6.1781842773e-01   0.000000e+00   0.000000e+00
  4.8709106445e-01   4.8709106445e-01   0.000000e+00   0.000000e+00
  4.8709106445e-01   3.2281291992e-01   0.000000e+00   0.000000e+00
  4.8709106445e-01   1.1890430664e-01   0.000000e+00   0.000000e+00
  3.2281291992e-01   9.9999999023e-01   0.000000e+00   0.000000e+00
  3.2281291992e-01   9.9999762695e-01   0.000000e+00   0.000000e+00
  3.2281291992e-01   9.9996948242e-01   0.000000e+00   0.000000e+00
  3.2281291992e-01   9.9983586914e-01   0.000000e+00   0.000000e+00
  3.2281291992e-01   9.9942334961e-01   0.000000e+00   0.000000e+00
  3.2281291992e-01   9.9842723633e-01   0.000000e+00   0.000000e+00
  3.2281291992e-01   9.9637409180e-01   0.000000e+00   0.000000e+00
  3.2281291992e-01   9.9258422852e-01   0.000000e+00   0.000000e+00
  3.2281291992e-01   9.8613420898e-01   0.000000e+00   0.000000e+00
  3.2281291992e-01   9.7581934570e-01   0.000000e+00   0.000000e+00
  3.2281291992e-01   9.6011620117e-01   0.000000e+00   0.000000e+00
  3.2281291992e-01   9.3714508789e-01   0.000000e+00   0.000000e+00
  3.2281291992e-01   9.0463256836e-01   0.000000e+00   0.000000e+00
  3.2281291992e-01   8.5987395508e-01   0.000000e+00   0.000000e+00
  3.2281291992e-01   7.9969581055e-01   0.000000e+00   0.000000e+00
  3.2281291992e-01   7.2041844727e-01   0.000000e+00   0.000000e+00
  3.2281291992e-01   6.1781842773e-01   0.000000e+00   0.000000e+00
  3.2281291992e-01   4.8709106445e-01   0.000000e+00   0.000000e+00
  3.2281291992e-01   3.2281291992e-01   0.000000e+00   0.000000e+00
  3.2281291992e-01   1.1890430664e-01   0.000000e+00   0.000000e+00
  1.1890430664e-01   9.9999999023e-01   0.000000e+00   0.000000e+00
  1.1890430664e-01   9.9999762695e-01   0.000000e+00   0.000000e+00
  1.1890430664e-01   9.9996948242e-01   0.000000e+00   0.000000e+00
  1.1890430664e-01   9.9983586914e-01   0.000000e+00   0.000000e+00
  1.1890430664e-01   9.9942334961e-01   0.000000e+00   0.000000e+00
  1.1890430664e-01   9.9842723633e-01   0.000000e+00   0.000000e+00
  1.1890430664e-01   9.9637409180e-01   0.000000e+00   0.000000e+00
  1.1890430664e-01   9.9258422852e-01   0.000000e+00   0.000000e+00
  1.1890430664e-01   9.8613420898e-01   0.000000e+00   0.000000e+00
  1.1890430664e-01   9.7581934570e-01   0.000000e+00   0.000000e+00
  1.1890430664e-01   9.6011620117e-01   0.000000e+00   0.000000e+00
  1.1890430664e-01   9.3714508789e-01   0.000000e+00   0.000000e+00
  1.1890430664e-01   9.0463256836e-01   0.000000e+00   0.000000e+00
  1.1890430664e-01   8.5987395508e-01   0.000000e+00   0.000000e+00
  1.1890430664e-01   7.9969581055e-01   0.000000e+00   0.000000e+00
  1.1890430664e-01   7.2041844727e-01   0.000000e+00   0.000000e+00
  1.1890430664e-01   6.1781842773e-01   0.000000e+00   0.000000e+00
  1.1890430664e-01   4.8709106445e-01   0.000000e+00   0.000000e+00
  1.1890430664e-01   3.2281291992e-01   0.000000e+00   0.000000e+00
  1.1890430664e-01   1.1890430664e-01   0.000000e+00   0.000000e+00
  9.9999999023e-01   0.000000e+00   0.000000e+00   2.585938e+31   6.229422e+28
  9.9999762695e-01   0.000000e+00   0.000000e+00   9.677121e+31   1.205069e+29
  9.9996948242e-01   0.000000e+00   0.000000e+00   1.448925e+32   1.474557e+29
  9.9983586914e-01   0.000000e+00   0.000000e+00   1.871665e+32   1.675918e+29
  9.9942334961e-01   0.000000e+00   0.000000e+00   2.349102e+32   1.877542e+29
  9.9842723633e-01   0.000000e+00   0.000000e+00   2.637824e+32   1.989581e+29
  9.9637409180e-01   0.000000e+00   0.000000e+00   2.929184e+32   2.096583e+29
  9.9258422852e-01   0.000000e+00   0.000000e+00   2.976884e+32   2.113585e+29
  9.8613420898e-01   0.000000e+00   0.000000e+00   2.856070e+32   2.070252e+29
  9.7581934570e-01   0.000000e+00   0.000000e+00   2.477255e+32   1.928076e+29
  9.6011620117e-01   0.000000e+00   0.000000e+00   1.891820e+32   1.684917e+29
  9.3714508789e-01   0.000000e+00   0.000000e+00   1.180604e+32   1.331039e+29
  9.0463256836e-01   0.000000e+00   0.000000e+00   5.887847e+31   9.399764e+28
  8.5987395508e-01   0.000000e+00   0.000000e+00   2.281547e+31   5.851314e+28
  7.9969581055e-01   0.000000e+00   0.000000e+00   5.026553e+30   2.746464e+28
  7.2041844727e-01   0.000000e+00   0.000000e+00   5.718950e+29   9.263963e+27
  6.1781842773e-01   0.000000e+00   0.000000e+00   4.156781e+28   2.497568e+27
  4.8709106445e-01   0.000000e+00   0.000000e+00   3.001286e+26   2.122230e+26
  3.2281291992e-01   0.000000e+00   0.000000e+00   0.000000e+00   0.000000e+00
  1.1890430664e-01   0.000000e+00   0.000000e+00   0.000000e+00   0.000000e+00
  9.9999999023e-01   0.000000e+00   0.000000e+00   2.664677e+31   6.323550e+28
  9.9999762695e-01   0.000000e+00   0.000000e+00   9.803475e+31   1.212910e+29
  9.9996948242e-01   0.000000e+00   0.000000e+00   1.488141e+32   1.494379e+29
  9.9983586914e-01   0.000000e+00   0.000000e+00   1.880826e+32   1.680014e+29
  9.9942334961e-01   0.000000e+00   0.000000e+00   2.251758e+32   1.838229e+29
  9.9842723633e-01   0.000000e+00   0.000000e+00   2.652913e+32   1.995263e+29
  9.9637409180e-01   0.000000e+00   0.000000e+00   2.856993e+32   2.070586e+29
  9.9258422852e-01   0.000000e+00   0.000000e+00   2.972500e+32   2.112028e+29
  9.8613420898e-01   0.000000e+00   0.000000e+00   2.844000e+32   2.065872e+29
  9.7581934570e-01   0.000000e+00   0.000000e+00   2.497891e+32   1.936089e+29
  9.6011620117e-01   0.000000e+00   0.000000e+00   1.910342e+32   1.693146e+29
  9.3714508789e-01   0.000000e+00   0.000000e+00   1.224540e+32   1.355580e+29
  9.0463256836e-01   0.000000e+00   0.000000e+00   5.862817e+31   9.379762e+28
  8.5987395508e-01   0.000000e+00   0.000000e+00   2.224238e+31   5.777358e+28
  7.9969581055e-01   0.000000e+00   0.000000e+00   5.076375e+30   2.760041e+28
  7.2041844727e-01   0.000000e+00   0.000000e+00   5.283764e+29   8.904517e+27
  6.1781842773e-01   0.000000e+00   0.000000e+00   5.747462e+28   2.936816e+27
  4.8709106445e-01   0.000000e+00   0.000000e+00   0.000000e+00   0.000000e+00
  3.2281291992e-01   0.000000e+00   0.000000e+00   0.000000e+00   0.000000e+00
  1.1890430664e-01   0.000000e+00   0.000000e+00   0.000000e+00   0.000000e+00
  0.000000e+00   0.000000e+00   0.000000e+00   0.000000e+00
  0.000000e+00   0.000000e+00   3.732985e+33   7.484570e+29
