  1    66.9834    66.7765
  2    67.3940    67.1893
  3    67.8004    67.5977
  4    68.2026    68.0020
  5    68.6008    68.4022
  6    68.9951    68.7985
  7    69.3856    69.1908
  8    69.7724    69.5795
  9    70.1555    69.9644
 10    70.5351    70.3458
 11    70.9113    70.7236
 12    71.2841    71.0981
 13    71.6536    71.4693
 14    72.0199    71.8372
 15    72.3831    72.2019
 16    72.7432    72.5635
 17    73.1004    72.9222
 18    73.4546    73.2778
 19    73.8060    73.6307
 20    74.1546    73.9807
 21    74.5005    74.3279
 22    74.8438    74.6725
 23    75.1844    75.0144
 24    75.5225    75.3538
 25    75.8581    75.6906
 26    76.1913    76.0250
 27    76.5220    76.3569
 28    76.8504    76.6865
 29    77.1765    77.0137
 30    77.5003    77.3387
 31    77.8218    77.6613
 32    78.1411    77.9818
 33    78.4583    78.3000
 34    78.7732    78.6160
 35    79.0860    78.9299
 36    79.3967    79.2416
 37    79.7051    79.5512
 38    80.0115    79.8586
 39    80.3157    80.1638
 40    80.6177    80.4669
 41    80.9175    80.7679
 42    81.2150    81.0665
 43    81.5103    81.3630
 44    81.8032    81.6571
 45    82.0937    81.9488
 46    82.3816    82.2380
 47    82.6669    82.5246
 48    82.9493    82.8085
 49    83.2288    83.0895
 50    83.5051    83.3673
 51    83.7778    83.6419
 52    84.0469    83.9128
 53    84.3117    84.1798
 54    84.5720    84.4425
 55    84.8271    84.7003
 56    85.0765    84.9526
 57    85.3193    85.1988
 58    85.5547    85.4380
 59    85.7814    85.6692
 60    85.9983    85.8912
 61    86.2036    86.1025
 62    86.3957    86.3015
 63    86.5723    86.4861
 64    86.7311    86.6541
 65    86.8694    86.8030
 66    86.9845    86.9301
 67    87.0738    87.0326
 68    87.1348    87.1080
 69    87.1658    87.1542
 70    87.1658    87.1697
 71    87.1348    87.1542
 72    87.0738    87.1080
 73    86.9845    87.0326
 74    86.8694    86.9301
 75    86.7311    86.8030
 76    86.5723    86.6541
 77    86.3957    86.4861
 78    86.2036    86.3015
 79    85.9983    86.1025
 80    85.7814    85.8912
 81    85.5547    85.6692
 82    85.3193    85.4380
 83    85.0765    85.1988
 84    84.8271    84.9526
 85    84.5720    84.7003
 86    84.3117    84.4425
 87    84.0469    84.1798
 88    83.7778    83.9128
 89    83.5051    83.6419
 90    83.2288    83.3673
 91    82.9493    83.0895
 92    82.6669    82.8085
 93    82.3816    82.5246
 94    82.0937    82.2380
 95    81.8032    81.9488
 96    81.5103    81.6571
 97    81.2150    81.3630
 98    80.9175    81.0665
 99    80.6177    80.7679
100    80.3157    80.4669
101    80.0115    80.1638
102    79.7051    79.8586
103    79.3967    79.5512
104    79.0860    79.2416
105    78.7732    78.9299
106    78.4583    78.6160
107    78.1411    78.3000
108    77.8218    77.9818
109    77.5003    77.6613
110    77.1765    77.3387
111    76.8504    77.0137
112    76.5220    76.6865
113    76.1913    76.3569
114    75.8581    76.0250
115    75.5225    75.6906
116    75.1844    75.3538
117    74.8438    75.0144
118    74.5005    74.6725
119    74.1546    74.3279
120    73.8060    73.9807
121    73.4546    73.6307
122    73.1004    73.2778
123    72.7432    72.9222
124    72.3831    72.5635
125    72.0199    72.2019
126    71.6536    71.8372
127    71.2841    71.4693
128    70.9113    71.0981
129    70.5351    70.7236
130    70.1555    70.3458
131    69.7724    69.9644
132    69.3856    69.5795
133    68.9951    69.1908
134    68.6008    68.7985
135    68.2026    68.4022
136    67.8004    68.0020
137    67.3940    67.5977
138    66.9834    67.1893
139    66.5685    66.7765
140    66.1492    66.3594
141    65.7252    65.9378
142    65.2966    65.5115
143    64.8631    65.0805
144    64.4247    64.6445
145    63.9812    64.2036
146    63.5325    63.7575
147    63.0785    63.3062
148    62.6189    62.8494
149    62.1537    62.3870
150    61.6826    61.9189
151    61.2056    61.4449
152    60.7225    60.9648
153    60.2330    60.4786
154    59.7371    59.9859
155    59.2345    59.4867
156    58.7251    58.9807
157    58.2086    58.4677
158    57.6849    57.9477
159    57.1537    57.4202
160    56.6111    56.8853
161    56.0568    56.3349
162    55.4943    55.7766
163    54.9238    55.2101
164    54.3450    54.6354
165    53.7579    54.0525
166    53.1626    53.4613
167    52.5588    52.8618
168    51.9467    52.2538
169    51.3260    51.6374
170    50.6969    51.0125
171    50.0592    50.3791
172    49.4129    49.7371
173    48.7579    49.0865
174    48.0944    48.4272
175    47.4221    47.7594
176    46.7412    47.0827
177    46.0515    46.3974
178    45.3532    45.7034
179    44.6461    45.0007
180    43.9303    44.2892
181    43.2057    43.5691
182    42.4725    42.8402
183    41.7305    42.1026
184    40.9799    41.3563
185    40.2206    40.6013
186    39.4528    39.8378
187    38.6764    39.0656
188    37.8914    38.2849
189    37.0980    37.4958
190    36.2962    36.6982
191    35.4861    35.8922
192    34.6677    35.0780
193    33.8412    34.2555
194    33.0066    33.4249
195    32.1640    32.5863
196    31.3136    31.7398
197    30.4554    30.8855
198    29.5896    30.0234
199    28.7163    29.1539
200    27.8356    28.2768
201    26.9477    27.3926
202    26.0528    26.5012
203    25.1510    25.6028
204    24.2425    24.6976
205    23.3275    23.7858
206    22.4061    22.8675
207    21.4785    21.9430
208    20.5450    21.0125
209    19.6058    20.0761
210    18.6610    19.1341
211    17.7110    18.1867
212    16.7559    17.2341
213    15.7960    16.2766
214    14.8315    15.3143
215    13.8627    14.3476
216    12.8899    13.3768
217    11.9132    12.4020
218    10.9330    11.4236
219     9.9948    10.4643
220     9.1388     9.5671
221     8.3618     8.7505
222     7.6569     8.0095
223     7.0193     7.3382
224     6.4421     6.7308
225     5.9204     6.1813
226     5.4476     5.6840
227     5.0175     5.2326
228     4.6248     4.8211
229     4.2619     4.4435
230     3.9249     4.0934
231     3.6055     3.7652
232     3.2991     3.4524
233     2.9986     3.1488
234     2.6989     2.8487
235     2.3992     2.5491
236     2.0995     2.2494
237     1.7997     1.9495
238     1.4998     1.6497
239     1.1999     1.3498
240     0.9000     1.0499
241     0.6000     0.7499
242     0.3000     0.4500
243     0.0000     0.1500
244    -0.3000    -0.1500
245    -0.6000    -0.4500
246    -0.9000    -0.7500
247    -1.1999    -1.0499
248    -1.4998    -1.3499
249    -1.7997    -1.6497
250    -2.0995    -1.9496
251    -2.3992    -2.2494
252    -2.6989    -2.5491
253    -2.9986    -2.8487
254    -3.2991    -3.1488
255    -3.6055    -3.4524
256    -3.9249    -3.7652
257    -4.2619    -4.0934
258    -4.6248    -4.4435
259    -5.0176    -4.8211
260    -5.4476    -5.2326
261    -5.9204    -5.6840
262    -6.4421    -6.1813
263    -7.0193    -6.7308
264    -7.6569    -7.3382
265    -8.3619    -8.0095
266    -9.1388    -8.7505
267    -9.9949    -9.5671
268   -10.9330   -10.4643
269   -11.9132   -11.4236
270   -12.8899   -12.4020
271   -13.8627   -13.3768
272   -14.8315   -14.3477
273   -15.7960   -15.3143
274   -16.7559   -16.2766
275   -17.7110   -17.2341
276   -18.6611   -18.1867
277   -19.6058   -19.1341
278   -20.5450   -20.0761
279   -21.4785   -21.0125
280   -22.4061   -21.9430
281   -23.3275   -22.8675
282   -24.2425   -23.7858
283   -25.1510   -24.6976
284   -26.0528   -25.6028
285   -26.9478   -26.5012
286   -27.8356   -27.3926
287   -28.7163   -28.2769
288   -29.5896   -29.1539
289   -30.4554   -30.0235
290   -31.3136   -30.8855
291   -32.1640   -31.7398
292   -33.0066   -32.5863
293   -33.8412   -33.4249
294   -34.6678   -34.2555
295   -35.4861   -35.0780
296   -36.2962   -35.8922
297   -37.0980   -36.6982
298   -37.8914   -37.4958
299   -38.6764   -38.2850
300   -39.4528   -39.0656
301   -40.2206   -39.8378
302   -40.9799   -40.6014
303   -41.7305   -41.3563
304   -42.4725   -42.1026
305   -43.2057   -42.8402
306   -43.9303   -43.5691
307   -44.6461   -44.2893
308   -45.3532   -45.0007
309   -46.0516   -45.7035
310   -46.7412   -46.3975
311   -47.4221   -47.0828
312   -48.0944   -47.7594
313   -48.7580   -48.4273
314   -49.4129   -49.0865
315   -50.0592   -49.7371
316   -50.6969   -50.3791
317   -51.3260   -51.0125
318   -51.9467   -51.6374
319   -52.5588   -52.2538
320   -53.1626   -52.8618
321   -53.7580   -53.4613
322   -54.3450   -54.0525
323   -54.9238   -54.6354
324   -55.4943   -55.2101
325   -56.0568   -55.7766
326   -56.6111   -56.3349
327   -57.1574   -56.8853
328   -57.6958   -57.4276
329   -58.2263   -57.9620
330   -58.7490   -58.4886
331   -59.2639   -59.0074
332   -59.7712   -59.5185
333   -60.2708   -60.0219
334   -60.7630   -60.5178
335   -61.2477   -61.0063
336   -61.7251   -61.4873
337   -62.1951   -61.9610
338   -62.6580   -62.4275
339   -63.1138   -62.8868
340   -63.5625   -63.3390
341   -64.0042   -63.7842
342   -64.4391   -64.2225
343   -64.8672   -64.6540
344   -65.2886   -65.0787
345   -65.7033   -65.4968
346   -66.1115   -65.9082
347   -66.5133   -66.3132
348   -66.9086   -66.7117
349   -67.2977   -67.1039
350   -67.6805   -67.4899
351   -68.0573   -67.8697
352   -68.4279   -68.2433
353   -68.7926   -68.6110
354   -69.1514   -68.9728
355   -69.5045   -69.3287
356   -69.8517   -69.6788
357   -70.1934   -70.0233
358   -70.5295   -70.3621
359   -70.8600   -70.6954
360   -71.1852   -71.0233
361   -71.5051   -71.3458
362   -71.8197   -71.6630
363   -72.1291   -71.9751
364   -72.4335   -72.2819
365   -72.7328   -72.5838
366   -73.0272   -72.8806
367   -73.3167   -73.1725
368   -73.6013   -73.4596
369   -73.8813   -73.7419
370   -74.1566   -74.0195
371   -74.4274   -74.2926
372   -74.6936   -74.5610
373   -74.9553   -74.8250
374   -75.2127   -75.0846
375   -75.4658   -75.3398
376   -75.7147   -75.5908
377   -75.9594   -75.8375
378   -76.1999   -76.0801
379   -76.4364   -76.3187
380   -76.6690   -76.5532
381   -76.8976   -76.7838
382   -77.1224   -77.0105
383   -77.3434   -77.2334
384   -77.5606   -77.4525
385   -77.7742   -77.6679
386   -77.9842   -77.8796
387   -78.1906   -78.0878
