  5.000000e+00
  9.9999999023e-01   9.7656250000e-09   7.245104e+29   2.085408e+28
  9.9999999023e-01   2.3730468750e-06   1.634500e+30   3.132284e+28
  9.9999999023e-01   3.0517578125e-05   2.312791e+30   3.725949e+28
  9.9999999023e-01   1.6413085937e-04   2.823610e+30   4.116907e+28
  9.9999999023e-01   5.7665039063e-04   3.395055e+30   4.514317e+28
  9.9999999023e-01   1.5727636719e-03   3.518707e+30   4.595791e+28
  9.9999999023e-01   3.6259082031e-03   3.604544e+30   4.651509e+28
  9.9999999023e-01   7.4157714844e-03   3.270201e+30   4.430532e+28
  9.9999999023e-01   1.3865791016e-02   2.987480e+30   4.234686e+28
  9.9999999023e-01   2.4180654297e-02   2.431042e+30   3.820013e+28
  9.9999999023e-01   3.9883798828e-02   1.601486e+30   3.100489e+28
  9.9999999023e-01   6.2854912109e-02   8.979847e+29   2.321684e+28
  9.9999999023e-01   9.5367431641e-02   4.423895e+29   1.629563e+28
  9.9999999023e-01   1.4012604492e-01   1.242532e+29   8.636197e+27
  9.9999999023e-01   2.0030418945e-01   3.421466e+28   4.531842e+27
  9.9999999023e-01   2.7958155273e-01   5.402314e+27   1.800771e+27
  9.9999999023e-01   3.8218157227e-01   0.000000e+00   0.000000e+00
  9.9999999023e-01   5.1290893555e-01   0.000000e+00   0.000000e+00
  9.9999999023e-01   6.7718708008e-01   0.000000e+00   0.000000e+00
  9.9999999023e-01   8.8109569336e-01   0.000000e+00   0.000000e+00
  9.9999762695e-01   9.7656250000e-09   3.038502e+30   4.270694e+28
  9.9999762695e-01   2.3730468750e-06   6.652050e+30   6.318972e+28
  9.9999762695e-01   3.0517578125e-05   9.742174e+30   7.647097e+28
  9.9999762695e-01   1.6413085937e-04   1.164679e+31   8.361261e+28
  9.9999762695e-01   5.7665039063e-04   1.346797e+31   8.991243e+28
  9.9999762695e-01   1.5727636719e-03   1.457664e+31   9.354002e+28
  9.9999762695e-01   3.6259082031e-03   1.479334e+31   9.423273e+28
  9.9999762695e-01   7.4157714844e-03   1.344696e+31   8.984228e+28
  9.9999762695e-01   1.3865791016e-02   1.228246e+31   8.586405e+28
  9.9999762695e-01   2.4180654297e-02   9.924052e+30   7.718149e+28
  9.9999762695e-01   3.9883798828e-02   6.817721e+30   6.397176e+28
  9.9999762695e-01   6.2854912109e-02   3.904673e+30   4.841289e+28
  9.9999762695e-01   9.5367431641e-02   1.747349e+30   3.238609e+28
  9.9999762695e-01   1.4012604492e-01   5.576389e+29   1.829554e+28
  9.9999762695e-01   2.0030418945e-01   1.248535e+29   8.657032e+27
  9.9999762695e-01   2.7958155273e-01   2.341003e+28   3.748605e+27
  9.9999762695e-01   3.8218157227e-01   0.000000e+00   0.000000e+00
  9.9999762695e-01   5.1290893555e-01   0.000000e+00   0.000000e+00
  9.9999762695e-01   6.7718708008e-01   0.000000e+00   0.000000e+00
  9.9999762695e-01   8.8109569336e-01   0.000000e+00   0.000000e+00
  9.9996948242e-01   9.7656250000e-09   4.841674e+30   5.390964e+28
  9.9996948242e-01   2.3730468750e-06   1.058253e+31   7.970095e+28
  9.9996948242e-01   3.0517578125e-05   1.521532e+31   9.556727e+28
  9.9996948242e-01   1.6413085937e-04   1.837447e+31   1.050210e+29
  9.9996948242e-01   5.7665039063e-04   2.147960e+31   1.135486e+29
  9.9996948242e-01   1.5727636719e-03   2.280617e+31   1.170024e+29
  9.9996948242e-01   3.6259082031e-03   2.293703e+31   1.173376e+29
  9.9996948242e-01   7.4157714844e-03   2.136435e+31   1.132436e+29
  9.9996948242e-01   1.3865791016e-02   1.942492e+31   1.079812e+29
  9.9996948242e-01   2.4180654297e-02   1.551305e+31   9.649776e+28
  9.9996948242e-01   3.9883798828e-02   1.070259e+31   8.015175e+28
  9.9996948242e-01   6.2854912109e-02   5.901728e+30   5.951936e+28
  9.9996948242e-01   9.5367431641e-02   2.797198e+30   4.097607e+28
  9.9996948242e-01   1.4012604492e-01   8.511647e+29   2.260349e+28
  9.9996948242e-01   2.0030418945e-01   1.896813e+29   1.067040e+28
  9.9996948242e-01   2.7958155273e-01   3.241389e+28   4.410971e+27
  9.9996948242e-01   3.8218157227e-01   0.000000e+00   0.000000e+00
  9.9996948242e-01   5.1290893555e-01   0.000000e+00   0.000000e+00
  9.9996948242e-01   6.7718708008e-01   0.000000e+00   0.000000e+00
  9.9996948242e-01   8.8109569336e-01   0.000000e+00   0.000000e+00
  9.9983586914e-01   9.7656250000e-09   6.423352e+30   6.209399e+28
  9.9983586914e-01   2.3730468750e-06   1.398059e+31   9.160758e+28
  9.9983586914e-01   3.0517578125e-05   1.986371e+31   1.091940e+29
  9.9983586914e-01   1.6413085937e-04   2.391184e+31   1.198051e+29
  9.9983586914e-01   5.7665039063e-04   2.844739e+31   1.306742e+29
  9.9983586914e-01   1.5727636719e-03   3.018453e+31   1.346049e+29
  9.9983586914e-01   3.6259082031e-03   3.038682e+31   1.350552e+29
  9.9983586914e-01   7.4157714844e-03   2.813765e+31   1.299609e+29
  9.9983586914e-01   1.3865791016e-02   2.576064e+31   1.243503e+29
  9.9983586914e-01   2.4180654297e-02   2.086794e+31   1.119202e+29
  9.9983586914e-01   3.9883798828e-02   1.439537e+31   9.295656e+28
  9.9983586914e-01   6.2854912109e-02   8.008631e+30   6.933425e+28
  9.9983586914e-01   9.5367431641e-02   3.909475e+30   4.844265e+28
  9.9983586914e-01   1.4012604492e-01   1.195112e+30   2.678385e+28
  9.9983586914e-01   2.0030418945e-01   2.941260e+29   1.328726e+28
  9.9983586914e-01   2.7958155273e-01   4.441903e+28   5.163607e+27
  9.9983586914e-01   3.8218157227e-01   0.000000e+00   0.000000e+00
  9.9983586914e-01   5.1290893555e-01   0.000000e+00   0.000000e+00
  9.9983586914e-01   6.7718708008e-01   0.000000e+00   0.000000e+00
  9.9983586914e-01   8.8109569336e-01   0.000000e+00   0.000000e+00
  9.9942334961e-01   9.7656250000e-09   7.887979e+30   6.881000e+28
  9.9942334961e-01   2.3730468750e-06   1.743027e+31   1.022871e+29
  9.9942334961e-01   3.0517578125e-05   2.516638e+31   1.229077e+29
  9.9942334961e-01   1.6413085937e-04   3.052488e+31   1.353617e+29
  9.9942334961e-01   5.7665039063e-04   3.568109e+31   1.463483e+29
  9.9942334961e-01   1.5727636719e-03   3.805931e+31   1.511469e+29
  9.9942334961e-01   3.6259082031e-03   3.840325e+31   1.518283e+29
  9.9942334961e-01   7.4157714844e-03   3.548420e+31   1.459440e+29
  9.9942334961e-01   1.3865791016e-02   3.237487e+31   1.394032e+29
  9.9942334961e-01   2.4180654297e-02   2.623964e+31   1.255011e+29
  9.9942334961e-01   3.9883798828e-02   1.823281e+31   1.046154e+29
  9.9942334961e-01   6.2854912109e-02   1.027520e+31   7.853511e+28
  9.9942334961e-01   9.5367431641e-02   4.778647e+30   5.355761e+28
  9.9942334961e-01   1.4012604492e-01   1.523453e+30   3.024010e+28
  9.9942334961e-01   2.0030418945e-01   3.661569e+29   1.482526e+28
  9.9942334961e-01   2.7958155273e-01   5.522366e+28   5.757464e+27
  9.9942334961e-01   3.8218157227e-01   6.002572e+26   6.002572e+26
  9.9942334961e-01   5.1290893555e-01   0.000000e+00   0.000000e+00
  9.9942334961e-01   6.7718708008e-01   0.000000e+00   0.000000e+00
  9.9942334961e-01   8.8109569336e-01   0.000000e+00   0.000000e+00
  9.9842723633e-01   9.7656250000e-09   9.454050e+30   7.533168e+28
  9.9842723633e-01   2.3730468750e-06   2.072148e+31   1.115267e+29
  9.9842723633e-01   3.0517578125e-05   2.977936e+31   1.336984e+29
  9.9842723633e-01   1.6413085937e-04   3.631316e+31   1.476389e+29
  9.9842723633e-01   5.7665039063e-04   4.257324e+31   1.598590e+29
  9.9842723633e-01   1.5727636719e-03   4.534823e+31   1.649867e+29
  9.9842723633e-01   3.6259082031e-03   4.608354e+31   1.663189e+29
  9.9842723633e-01   7.4157714844e-03   4.236015e+31   1.594584e+29
  9.9842723633e-01   1.3865791016e-02   3.941889e+31   1.538229e+29
  9.9842723633e-01   2.4180654297e-02   3.147689e+31   1.374563e+29
  9.9842723633e-01   3.9883798828e-02   2.177253e+31   1.143202e+29
  9.9842723633e-01   6.2854912109e-02   1.230467e+31   8.594165e+28
  9.9842723633e-01   9.5367431641e-02   5.788880e+30   5.894758e+28
  9.9842723633e-01   1.4012604492e-01   1.816378e+30   3.301960e+28
  9.9842723633e-01   2.0030418945e-01   4.621980e+29   1.665646e+28
  9.9842723633e-01   2.7958155273e-01   9.364012e+28   7.497210e+27
  9.9842723633e-01   3.8218157227e-01   6.002572e+26   6.002572e+26
  9.9842723633e-01   5.1290893555e-01   0.000000e+00   0.000000e+00
  9.9842723633e-01   6.7718708008e-01   0.000000e+00   0.000000e+00
  9.9842723633e-01   8.8109569336e-01   0.000000e+00   0.000000e+00
  9.9637409180e-01   9.7656250000e-09   1.122901e+31   8.209929e+28
  9.9637409180e-01   2.3730468750e-06   2.477802e+31   1.219557e+29
  9.9637409180e-01   3.0517578125e-05   3.525010e+31   1.454618e+29
  9.9637409180e-01   1.6413085937e-04   4.253122e+31   1.597801e+29
  9.9637409180e-01   5.7665039063e-04   4.983215e+31   1.729512e+29
  9.9637409180e-01   1.5727636719e-03   5.365879e+31   1.794689e+29
  9.9637409180e-01   3.6259082031e-03   5.419662e+31   1.803660e+29
  9.9637409180e-01   7.4157714844e-03   4.988497e+31   1.730428e+29
  9.9637409180e-01   1.3865791016e-02   4.635246e+31   1.668035e+29
  9.9637409180e-01   2.4180654297e-02   3.718293e+31   1.493965e+29
  9.9637409180e-01   3.9883798828e-02   2.613640e+31   1.252540e+29
  9.9637409180e-01   6.2854912109e-02   1.492299e+31   9.464478e+28
  9.9637409180e-01   9.5367431641e-02   6.918564e+30   6.444313e+28
  9.9637409180e-01   1.4012604492e-01   2.198142e+30   3.632424e+28
  9.9637409180e-01   2.0030418945e-01   5.762469e+29   1.859829e+28
  9.9637409180e-01   2.7958155273e-01   9.183935e+28   7.424771e+27
  9.9637409180e-01   3.8218157227e-01   0.000000e+00   0.000000e+00
  9.9637409180e-01   5.1290893555e-01   0.000000e+00   0.000000e+00
  9.9637409180e-01   6.7718708008e-01   0.000000e+00   0.000000e+00
  9.9637409180e-01   8.8109569336e-01   0.000000e+00   0.000000e+00
  9.9258422852e-01   9.7656250000e-09   1.223204e+31   8.568763e+28
  9.9258422852e-01   2.3730468750e-06   2.674386e+31   1.267012e+29
  9.9258422852e-01   3.0517578125e-05   3.832042e+31   1.516644e+29
  9.9258422852e-01   1.6413085937e-04   4.657695e+31   1.672069e+29
  9.9258422852e-01   5.7665039063e-04   5.460960e+31   1.810519e+29
  9.9258422852e-01   1.5727636719e-03   5.846745e+31   1.873379e+29
  9.9258422852e-01   3.6259082031e-03   5.918115e+31   1.884779e+29
  9.9258422852e-01   7.4157714844e-03   5.469723e+31   1.811971e+29
  9.9258422852e-01   1.3865791016e-02   5.070252e+31   1.744550e+29
  9.9258422852e-01   2.4180654297e-02   4.095915e+31   1.567993e+29
  9.9258422852e-01   3.9883798828e-02   2.861966e+31   1.310693e+29
  9.9258422852e-01   6.2854912109e-02   1.659411e+31   9.980347e+28
  9.9258422852e-01   9.5367431641e-02   7.821351e+30   6.851877e+28
  9.9258422852e-01   1.4012604492e-01   2.605116e+30   3.954415e+28
  9.9258422852e-01   2.0030418945e-01   6.530798e+29   1.979939e+28
  9.9258422852e-01   2.7958155273e-01   1.092468e+29   8.097912e+27
  9.9258422852e-01   3.8218157227e-01   1.200514e+27   8.488918e+26
  9.9258422852e-01   5.1290893555e-01   0.000000e+00   0.000000e+00
  9.9258422852e-01   6.7718708008e-01   0.000000e+00   0.000000e+00
  9.9258422852e-01   8.8109569336e-01   0.000000e+00   0.000000e+00
  9.8613420898e-01   9.7656250000e-09   1.239171e+31   8.624507e+28
  9.8613420898e-01   2.3730468750e-06   2.733511e+31   1.280941e+29
  9.8613420898e-01   3.0517578125e-05   3.864456e+31   1.523045e+29
  9.8613420898e-01   1.6413085937e-04   4.715560e+31   1.682423e+29
  9.8613420898e-01   5.7665039063e-04   5.505259e+31   1.817848e+29
  9.8613420898e-01   1.5727636719e-03   5.880960e+31   1.878853e+29
  9.8613420898e-01   3.6259082031e-03   6.010255e+31   1.899394e+29
  9.8613420898e-01   7.4157714844e-03   5.608983e+31   1.834893e+29
  9.8613420898e-01   1.3865791016e-02   5.180820e+31   1.763469e+29
  9.8613420898e-01   2.4180654297e-02   4.210324e+31   1.589741e+29
  9.8613420898e-01   3.9883798828e-02   2.943301e+31   1.329187e+29
  9.8613420898e-01   6.2854912109e-02   1.703890e+31   1.011322e+29
  9.8613420898e-01   9.5367431641e-02   8.116077e+30   6.979780e+28
  9.8613420898e-01   1.4012604492e-01   2.610518e+30   3.958513e+28
  9.8613420898e-01   2.0030418945e-01   6.746891e+29   2.012429e+28
  9.8613420898e-01   2.7958155273e-01   1.194512e+29   8.467669e+27
  9.8613420898e-01   3.8218157227e-01   6.002572e+26   6.002572e+26
  9.8613420898e-01   5.1290893555e-01   0.000000e+00   0.000000e+00
  9.8613420898e-01   6.7718708008e-01   0.000000e+00   0.000000e+00
  9.8613420898e-01   8.8109569336e-01   0.000000e+00   0.000000e+00
  9.7581934570e-01   9.7656250000e-09   1.175544e+31   8.400170e+28
  9.7581934570e-01   2.3730468750e-06   2.555475e+31   1.238524e+29
  9.7581934570e-01   3.0517578125e-05   3.628495e+31   1.475815e+29
  9.7581934570e-01   1.6413085937e-04   4.410750e+31   1.627140e+29
  9.7581934570e-01   5.7665039063e-04   5.156689e+31   1.759358e+29
  9.7581934570e-01   1.5727636719e-03   5.564924e+31   1.827672e+29
  9.7581934570e-01   3.6259082031e-03   5.665347e+31   1.844089e+29
  9.7581934570e-01   7.4157714844e-03   5.265096e+31   1.777755e+29
  9.7581934570e-01   1.3865791016e-02   4.878050e+31   1.711165e+29
  9.7581934570e-01   2.4180654297e-02   3.994591e+31   1.548477e+29
  9.7581934570e-01   3.9883798828e-02   2.784113e+31   1.292743e+29
  9.7581934570e-01   6.2854912109e-02   1.629338e+31   9.889499e+28
  9.7581934570e-01   9.5367431641e-02   7.726510e+30   6.810208e+28
  9.7581934570e-01   1.4012604492e-01   2.535486e+30   3.901210e+28
  9.7581934570e-01   2.0030418945e-01   7.119050e+29   2.067187e+28
  9.7581934570e-01   2.7958155273e-01   1.080463e+29   8.053295e+27
  9.7581934570e-01   3.8218157227e-01   1.200514e+27   8.488918e+26
  9.7581934570e-01   5.1290893555e-01   0.000000e+00   0.000000e+00
  9.7581934570e-01   6.7718708008e-01   0.000000e+00   0.000000e+00
  9.7581934570e-01   8.8109569336e-01   0.000000e+00   0.000000e+00
  9.6011620117e-01   9.7656250000e-09   9.811203e+30   7.674142e+28
  9.6011620117e-01   2.3730468750e-06   2.140997e+31   1.133644e+29
  9.6011620117e-01   3.0517578125e-05   3.003987e+31   1.342820e+29
  9.6011620117e-01   1.6413085937e-04   3.699325e+31   1.490150e+29
  9.6011620117e-01   5.7665039063e-04   4.295320e+31   1.605708e+29
  9.6011620117e-01   1.5727636719e-03   4.633205e+31   1.667667e+29
  9.6011620117e-01   3.6259082031e-03   4.726965e+31   1.684457e+29
  9.6011620117e-01   7.4157714844e-03   4.368492e+31   1.619327e+29
  9.6011620117e-01   1.3865791016e-02   4.113322e+31   1.571321e+29
  9.6011620117e-01   2.4180654297e-02   3.350996e+31   1.418259e+29
  9.6011620117e-01   3.9883798828e-02   2.331399e+31   1.182979e+29
  9.6011620117e-01   6.2854912109e-02   1.395538e+31   9.152495e+28
  9.6011620117e-01   9.5367431641e-02   6.631641e+30   6.309271e+28
  9.6011620117e-01   1.4012604492e-01   2.168129e+30   3.607541e+28
  9.6011620117e-01   2.0030418945e-01   5.756466e+29   1.858860e+28
  9.6011620117e-01   2.7958155273e-01   1.110476e+29   8.164380e+27
  9.6011620117e-01   3.8218157227e-01   1.800771e+27   1.039676e+27
  9.6011620117e-01   5.1290893555e-01   0.000000e+00   0.000000e+00
  9.6011620117e-01   6.7718708008e-01   0.000000e+00   0.000000e+00
  9.6011620117e-01   8.8109569336e-01   0.000000e+00   0.000000e+00
  9.3714508789e-01   9.7656250000e-09   6.663455e+30   6.324386e+28
  9.3714508789e-01   2.3730468750e-06   1.501003e+31   9.492038e+28
  9.3714508789e-01   3.0517578125e-05   2.080791e+31   1.117591e+29
  9.3714508789e-01   1.6413085937e-04   2.557576e+31   1.239033e+29
  9.3714508789e-01   5.7665039063e-04   2.973014e+31   1.335879e+29
  9.3714508789e-01   1.5727636719e-03   3.208435e+31   1.387763e+29
  9.3714508789e-01   3.6259082031e-03   3.315160e+31   1.410655e+29
  9.3714508789e-01   7.4157714844e-03   3.077819e+31   1.359221e+29
  9.3714508789e-01   1.3865791016e-02   2.881715e+31   1.315207e+29
  9.3714508789e-01   2.4180654297e-02   2.353728e+31   1.188630e+29
  9.3714508789e-01   3.9883798828e-02   1.653348e+31   9.962099e+28
  9.3714508789e-01   6.2854912109e-02   9.873030e+30   7.698283e+28
  9.3714508789e-01   9.5367431641e-02   4.830269e+30   5.384611e+28
  9.3714508789e-01   1.4012604492e-01   1.562469e+30   3.062488e+28
  9.3714508789e-01   2.0030418945e-01   4.633985e+29   1.667808e+28
  9.3714508789e-01   2.7958155273e-01   7.263112e+28   6.602829e+27
  9.3714508789e-01   3.8218157227e-01   1.200514e+27   8.488918e+26
  9.3714508789e-01   5.1290893555e-01   0.000000e+00   0.000000e+00
  9.3714508789e-01   6.7718708008e-01   0.000000e+00   0.000000e+00
  9.3714508789e-01   8.8109569336e-01   0.000000e+00   0.000000e+00
  9.0463256836e-01   9.7656250000e-09   4.053537e+30   4.932712e+28
  9.0463256836e-01   2.3730468750e-06   9.073487e+30   7.379990e+28
  9.0463256836e-01   3.0517578125e-05   1.284971e+31   8.782441e+28
  9.0463256836e-01   1.6413085937e-04   1.569853e+31   9.707292e+28
  9.0463256836e-01   5.7665039063e-04   1.798791e+31   1.039104e+29
  9.0463256836e-01   1.5727636719e-03   1.963381e+31   1.085603e+29
  9.0463256836e-01   3.6259082031e-03   2.025988e+31   1.102775e+29
  9.0463256836e-01   7.4157714844e-03   1.886908e+31   1.064251e+29
  9.0463256836e-01   1.3865791016e-02   1.751250e+31   1.025281e+29
  9.0463256836e-01   2.4180654297e-02   1.444279e+31   9.310954e+28
  9.0463256836e-01   3.9883798828e-02   1.036584e+31   7.888073e+28
  9.0463256836e-01   6.2854912109e-02   6.248677e+30   6.124388e+28
  9.0463256836e-01   9.5367431641e-02   2.955066e+30   4.211650e+28
  9.0463256836e-01   1.4012604492e-01   1.050450e+30   2.511056e+28
  9.0463256836e-01   2.0030418945e-01   2.803201e+29   1.297167e+28
  9.0463256836e-01   2.7958155273e-01   4.021723e+28   4.913317e+27
  9.0463256836e-01   3.8218157227e-01   1.200514e+27   8.488918e+26
  9.0463256836e-01   5.1290893555e-01   0.000000e+00   0.000000e+00
  9.0463256836e-01   6.7718708008e-01   0.000000e+00   0.000000e+00
  9.0463256836e-01   8.8109569336e-01   0.000000e+00   0.000000e+00
  8.5987395508e-01   9.7656250000e-09   1.657910e+30   3.154636e+28
  8.5987395508e-01   2.3730468750e-06   3.872259e+30   4.821153e+28
  8.5987395508e-01   3.0517578125e-05   5.393911e+30   5.690109e+28
  8.5987395508e-01   1.6413085937e-04   6.522995e+30   6.257375e+28
  8.5987395508e-01   5.7665039063e-04   7.685693e+30   6.792196e+28
  8.5987395508e-01   1.5727636719e-03   8.227125e+30   7.027368e+28
  8.5987395508e-01   3.6259082031e-03   8.560267e+30   7.168237e+28
  8.5987395508e-01   7.4157714844e-03   7.960610e+30   6.912607e+28
  8.5987395508e-01   1.3865791016e-02   7.481005e+30   6.701139e+28
  8.5987395508e-01   2.4180654297e-02   6.186851e+30   6.094015e+28
  8.5987395508e-01   3.9883798828e-02   4.464713e+30   5.176848e+28
  8.5987395508e-01   6.2854912109e-02   2.696955e+30   4.023514e+28
  8.5987395508e-01   9.5367431641e-02   1.364985e+30   2.862415e+28
  8.5987395508e-01   1.4012604492e-01   4.657996e+29   1.672123e+28
  8.5987395508e-01   2.0030418945e-01   1.374589e+29   9.083539e+27
  8.5987395508e-01   2.7958155273e-01   2.040874e+28   3.500071e+27
  8.5987395508e-01   3.8218157227e-01   6.002572e+26   6.002572e+26
  8.5987395508e-01   5.1290893555e-01   0.000000e+00   0.000000e+00
  8.5987395508e-01   6.7718708008e-01   0.000000e+00   0.000000e+00
  8.5987395508e-01   8.8109569336e-01   0.000000e+00   0.000000e+00
  7.9969581055e-01   9.7656250000e-09   5.438330e+29   1.806764e+28
  7.9969581055e-01   2.3730468750e-06   1.312762e+30   2.807125e+28
  7.9969581055e-01   3.0517578125e-05   1.788166e+30   3.276217e+28
  7.9969581055e-01   1.6413085937e-04   2.277976e+30   3.697798e+28
  7.9969581055e-01   5.7665039063e-04   2.574503e+30   3.931112e+28
  7.9969581055e-01   1.5727636719e-03   2.729369e+30   4.047621e+28
  7.9969581055e-01   3.6259082031e-03   2.922652e+30   4.188488e+28
  7.9969581055e-01   7.4157714844e-03   2.678948e+30   4.010059e+28
  7.9969581055e-01   1.3865791016e-02   2.613520e+30   3.960788e+28
  7.9969581055e-01   2.4180654297e-02   2.116507e+30   3.564335e+28
  7.9969581055e-01   3.9883798828e-02   1.547463e+30   3.047746e+28
  7.9969581055e-01   6.2854912109e-02   9.346004e+29   2.368545e+28
  7.9969581055e-01   9.5367431641e-02   4.609975e+29   1.663481e+28
  7.9969581055e-01   1.4012604492e-01   1.746748e+29   1.023962e+28
  7.9969581055e-01   2.0030418945e-01   5.642417e+28   5.819709e+27
  7.9969581055e-01   2.7958155273e-01   9.604115e+27   2.401029e+27
  7.9969581055e-01   3.8218157227e-01   0.000000e+00   0.000000e+00
  7.9969581055e-01   5.1290893555e-01   0.000000e+00   0.000000e+00
  7.9969581055e-01   6.7718708008e-01   0.000000e+00   0.000000e+00
  7.9969581055e-01   8.8109569336e-01   0.000000e+00   0.000000e+00
  7.2041844727e-01   9.7656250000e-09   1.008432e+29   7.780222e+27
  7.2041844727e-01   2.3730468750e-06   2.064885e+29   1.113311e+28
  7.2041844727e-01   3.0517578125e-05   3.037301e+29   1.350245e+28
  7.2041844727e-01   1.6413085937e-04   3.685579e+29   1.487379e+28
  7.2041844727e-01   5.7665039063e-04   4.315849e+29   1.609540e+28
  7.2041844727e-01   1.5727636719e-03   4.651993e+29   1.671045e+28
  7.2041844727e-01   3.6259082031e-03   5.210232e+29   1.768468e+28
  7.2041844727e-01   7.4157714844e-03   4.910104e+29   1.716777e+28
  7.2041844727e-01   1.3865791016e-02   4.339859e+29   1.614011e+28
  7.2041844727e-01   2.4180654297e-02   3.673574e+29   1.484954e+28
  7.2041844727e-01   3.9883798828e-02   2.887237e+29   1.316467e+28
  7.2041844727e-01   6.2854912109e-02   1.740746e+29   1.022201e+28
  7.2041844727e-01   9.5367431641e-02   8.883806e+28   7.302444e+27
  7.2041844727e-01   1.4012604492e-01   3.721594e+28   4.726430e+27
  7.2041844727e-01   2.0030418945e-01   1.440617e+28   2.940648e+27
  7.2041844727e-01   2.7958155273e-01   3.601543e+27   1.470324e+27
  7.2041844727e-01   3.8218157227e-01   1.200514e+27   8.488918e+26
  7.2041844727e-01   5.1290893555e-01   0.000000e+00   0.000000e+00
  7.2041844727e-01   6.7718708008e-01   0.000000e+00   0.000000e+00
  7.2041844727e-01   8.8109569336e-01   0.000000e+00   0.000000e+00
  6.1781842773e-01   9.7656250000e-09   9.003857e+27   2.324786e+27
  6.1781842773e-01   2.3730468750e-06   1.680720e+28   3.176262e+27
  6.1781842773e-01   3.0517578125e-05   2.701157e+28   4.026647e+27
  6.1781842773e-01   1.6413085937e-04   3.541517e+28   4.610663e+27
  6.1781842773e-01   5.7665039063e-04   3.841646e+28   4.802057e+27
  6.1781842773e-01   1.5727636719e-03   3.241389e+28   4.410971e+27
  6.1781842773e-01   3.6259082031e-03   4.081749e+28   4.949847e+27
  6.1781842773e-01   7.4157714844e-03   3.661569e+28   4.688158e+27
  6.1781842773e-01   1.3865791016e-02   2.821209e+28   4.115156e+27
  6.1781842773e-01   2.4180654297e-02   2.761183e+28   4.071142e+27
  6.1781842773e-01   3.9883798828e-02   1.980849e+28   3.448215e+27
  6.1781842773e-01   6.2854912109e-02   1.800771e+28   3.287744e+27
  6.1781842773e-01   9.5367431641e-02   4.201800e+27   1.588131e+27
  6.1781842773e-01   1.4012604492e-01   4.201800e+27   1.588131e+27
  6.1781842773e-01   2.0030418945e-01   0.000000e+00   0.000000e+00
  6.1781842773e-01   2.7958155273e-01   0.000000e+00   0.000000e+00
  6.1781842773e-01   3.8218157227e-01   0.000000e+00   0.000000e+00
  6.1781842773e-01   5.1290893555e-01   0.000000e+00   0.000000e+00
  6.1781842773e-01   6.7718708008e-01   0.000000e+00   0.000000e+00
  6.1781842773e-01   8.8109569336e-01   0.000000e+00   0.000000e+00
  4.8709106445e-01   9.7656250000e-09   0.000000e+00   0.000000e+00
  4.8709106445e-01   2.3730468750e-06   0.000000e+00   0.000000e+00
  4.8709106445e-01   3.0517578125e-05   0.000000e+00   0.000000e+00
  4.8709106445e-01   1.6413085937e-04   0.000000e+00   0.000000e+00
  4.8709106445e-01   5.7665039063e-04   0.000000e+00   0.000000e+00
  4.8709106445e-01   1.5727636719e-03   0.000000e+00   0.000000e+00
  4.8709106445e-01   3.6259082031e-03   0.000000e+00   0.000000e+00
  4.8709106445e-01   7.4157714844e-03   0.000000e+00   0.000000e+00
  4.8709106445e-01   1.3865791016e-02   0.000000e+00   0.000000e+00
  4.8709106445e-01   2.4180654297e-02   0.000000e+00   0.000000e+00
  4.8709106445e-01   3.9883798828e-02   0.000000e+00   0.000000e+00
  4.8709106445e-01   6.2854912109e-02   0.000000e+00   0.000000e+00
  4.8709106445e-01   9.5367431641e-02   0.000000e+00   0.000000e+00
  4.8709106445e-01   1.4012604492e-01   0.000000e+00   0.000000e+00
  4.8709106445e-01   2.0030418945e-01   0.000000e+00   0.000000e+00
  4.8709106445e-01   2.7958155273e-01   0.000000e+00   0.000000e+00
  4.8709106445e-01   3.8218157227e-01   0.000000e+00   0.000000e+00
  4.8709106445e-01   5.1290893555e-01   0.000000e+00   0.000000e+00
  4.8709106445e-01   6.7718708008e-01   0.000000e+00   0.000000e+00
  4.8709106445e-01   8.8109569336e-01   0.000000e+00   0.000000e+00
  3.2281291992e-01   9.7656250000e-09   0.000000e+00   0.000000e+00
  3.2281291992e-01   2.3730468750e-06   0.000000e+00   0.000000e+00
  3.2281291992e-01   3.0517578125e-05   0.000000e+00   0.000000e+00
  3.2281291992e-01   1.6413085937e-04   0.000000e+00   0.000000e+00
  3.2281291992e-01   5.7665039063e-04   0.000000e+00   0.000000e+00
  3.2281291992e-01   1.5727636719e-03   0.000000e+00   0.000000e+00
  3.2281291992e-01   3.6259082031e-03   0.000000e+00   0.000000e+00
  3.2281291992e-01   7.4157714844e-03   0.000000e+00   0.000000e+00
  3.2281291992e-01   1.3865791016e-02   0.000000e+00   0.000000e+00
  3.2281291992e-01   2.4180654297e-02   0.000000e+00   0.000000e+00
  3.2281291992e-01   3.9883798828e-02   0.000000e+00   0.000000e+00
  3.2281291992e-01   6.2854912109e-02   0.000000e+00   0.000000e+00
  3.2281291992e-01   9.5367431641e-02   0.000000e+00   0.000000e+00
  3.2281291992e-01   1.4012604492e-01   0.000000e+00   0.000000e+00
  3.2281291992e-01   2.0030418945e-01   0.000000e+00   0.000000e+00
  3.2281291992e-01   2.7958155273e-01   0.000000e+00   0.000000e+00
  3.2281291992e-01   3.8218157227e-01   0.000000e+00   0.000000e+00
  3.2281291992e-01   5.1290893555e-01   0.000000e+00   0.000000e+00
  3.2281291992e-01   6.7718708008e-01   0.000000e+00   0.000000e+00
  3.2281291992e-01   8.8109569336e-01   0.000000e+00   0.000000e+00
  1.1890430664e-01   9.7656250000e-09   0.000000e+00   0.000000e+00
  1.1890430664e-01   2.3730468750e-06   0.000000e+00   0.000000e+00
  1.1890430664e-01   3.0517578125e-05   0.000000e+00   0.000000e+00
  1.1890430664e-01   1.6413085937e-04   0.000000e+00   0.000000e+00
  1.1890430664e-01   5.7665039063e-04   0.000000e+00   0.000000e+00
  1.1890430664e-01   1.5727636719e-03   0.000000e+00   0.000000e+00
  1.1890430664e-01   3.6259082031e-03   0.000000e+00   0.000000e+00
  1.1890430664e-01   7.4157714844e-03   0.000000e+00   0.000000e+00
  1.1890430664e-01   1.3865791016e-02   0.000000e+00   0.000000e+00
  1.1890430664e-01   2.4180654297e-02   0.000000e+00   0.000000e+00
  1.1890430664e-01   3.9883798828e-02   0.000000e+00   0.000000e+00
  1.1890430664e-01   6.2854912109e-02   0.000000e+00   0.000000e+00
  1.1890430664e-01   9.5367431641e-02   0.000000e+00   0.000000e+00
  1.1890430664e-01   1.4012604492e-01   0.000000e+00   0.000000e+00
  1.1890430664e-01   2.0030418945e-01   0.000000e+00   0.000000e+00
  1.1890430664e-01   2.7958155273e-01   0.000000e+00   0.000000e+00
  1.1890430664e-01   3.8218157227e-01   0.000000e+00   0.000000e+00
  1.1890430664e-01   5.1290893555e-01   0.000000e+00   0.000000e+00
  1.1890430664e-01   6.7718708008e-01   0.000000e+00   0.000000e+00
  1.1890430664e-01   8.8109569336e-01   0.000000e+00   0.000000e+00
  9.9999999023e-01   0.000000e+00   0.000000e+00   0.000000e+00   0.000000e+00
  9.9999762695e-01   0.000000e+00   0.000000e+00   0.000000e+00   0.000000e+00
  9.9996948242e-01   0.000000e+00   0.000000e+00   0.000000e+00   0.000000e+00
  9.9983586914e-01   0.000000e+00   0.000000e+00   0.000000e+00   0.000000e+00
  9.9942334961e-01   0.000000e+00   0.000000e+00   0.000000e+00   0.000000e+00
  9.9842723633e-01   0.000000e+00   0.000000e+00   0.000000e+00   0.000000e+00
  9.9637409180e-01   0.000000e+00   0.000000e+00   0.000000e+00   0.000000e+00
  9.9258422852e-01   0.000000e+00   0.000000e+00   0.000000e+00   0.000000e+00
  9.8613420898e-01   0.000000e+00   0.000000e+00   0.000000e+00   0.000000e+00
  9.7581934570e-01   0.000000e+00   0.000000e+00   0.000000e+00   0.000000e+00
  9.6011620117e-01   0.000000e+00   0.000000e+00   0.000000e+00   0.000000e+00
  9.3714508789e-01   0.000000e+00   0.000000e+00   0.000000e+00   0.000000e+00
  9.0463256836e-01   0.000000e+00   0.000000e+00   0.000000e+00   0.000000e+00
  8.5987395508e-01   0.000000e+00   0.000000e+00   0.000000e+00   0.000000e+00
  7.9969581055e-01   0.000000e+00   0.000000e+00   0.000000e+00   0.000000e+00
  7.2041844727e-01   0.000000e+00   0.000000e+00   0.000000e+00   0.000000e+00
  6.1781842773e-01   0.000000e+00   0.000000e+00   0.000000e+00   0.000000e+00
  4.8709106445e-01   0.000000e+00   0.000000e+00   0.000000e+00   0.000000e+00
  3.2281291992e-01   0.000000e+00   0.000000e+00   0.000000e+00   0.000000e+00
  1.1890430664e-01   0.000000e+00   0.000000e+00   0.000000e+00   0.000000e+00
  9.7656250000e-09   0.000000e+00   0.000000e+00   5.695120e+31   1.848928e+29
  2.3730468750e-06   0.000000e+00   0.000000e+00   1.257497e+32   2.747401e+29
  3.0517578125e-05   0.000000e+00   0.000000e+00   1.847760e+32   3.330362e+29
  1.6413085937e-04   0.000000e+00   0.000000e+00   2.172949e+32   3.611548e+29
  5.7665039063e-04   0.000000e+00   0.000000e+00   2.591124e+32   3.943781e+29
  1.5727636719e-03   0.000000e+00   0.000000e+00   2.704435e+32   4.029090e+29
  3.6259082031e-03   0.000000e+00   0.000000e+00   2.725648e+32   4.044860e+29
  7.4157714844e-03   0.000000e+00   0.000000e+00   2.489801e+32   3.865903e+29
  1.3865791016e-02   0.000000e+00   0.000000e+00   2.274518e+32   3.694991e+29
  2.4180654297e-02   0.000000e+00   0.000000e+00   1.748969e+32   3.240110e+29
  3.9883798828e-02   0.000000e+00   0.000000e+00   1.210557e+32   2.695636e+29
  6.2854912109e-02   0.000000e+00   0.000000e+00   6.331393e+31   1.949478e+29
  9.5367431641e-02   0.000000e+00   0.000000e+00   2.932556e+31   1.326758e+29
  1.4012604492e-01   0.000000e+00   0.000000e+00   8.922222e+30   7.318216e+28
  2.0030418945e-01   0.000000e+00   0.000000e+00   1.860797e+30   3.342090e+28
  2.7958155273e-01   0.000000e+00   0.000000e+00   2.557096e+29   1.238917e+28
  3.8218157227e-01   0.000000e+00   0.000000e+00   0.000000e+00   0.000000e+00
  5.1290893555e-01   0.000000e+00   0.000000e+00   0.000000e+00   0.000000e+00
  6.7718708008e-01   0.000000e+00   0.000000e+00   0.000000e+00   0.000000e+00
  8.8109569336e-01   0.000000e+00   0.000000e+00   0.000000e+00   0.000000e+00
  0.000000e+00   0.000000e+00   0.000000e+00   0.000000e+00
  0.000000e+00   0.000000e+00   0.000000e+00   0.000000e+00
